{
  "selected_tag": "",
  "bin_dump_file": "",
  "mission_settings": {
    "atmosphere": {
      "pressure": 760.0,
      "temperature": 15.0
    },
    "player": {
      "army": 1
    },
    "player_teamB": {
      "army": 2
    },
    "mission": {
      "name": "untitled",
      "type": "singleMission",
      "level": "levels/water.bin",
      "campaign": "UserMissions",
      "restoreType": "attempts",
      "optionalTakeOff": false,
      "missionDebriefing": "",
      "missionBriefing": "",
      "environment": "Day",
      "weather": "hazy",
      "missionType": {
        "_Dom": false,
        "_Conq": false,
        "_CnvA": false,
        "_CnvB": false,
        "_ArtDA": false,
        "_ArtDB": false,
        "_Bttl": false,
        "_DBttlA": false,
        "_DBttlB": false,
        "_Bto": false,
        "_Flc": false,
        "_v1_race_straight": false,
        "_v1_race_inverted": false,
        "_v2_race_straight": false,
        "_v2_race_inverted": false,
        "_Conq1": false,
        "_Conq2": false,
        "_Conq3": false,
        "_Conq4": false,
        "_Conq5": false,
        "_Conq6": false
      },
      "tags": []
    },
    "spectator_points": [],
    "cover_points": [],
    "aiParams": {
      "aiEffectivenessViscosity": 90.0,
      "effectivenessDistances": [2500.0,7000.0]
    }
  },
  "imports": [],
  "triggers": {
    "isCategory": true,
    "is_enabled": true,
    "Category_1": {
      "isCategory": true,
      "is_enabled": true
    }
  },
  "mission_objectives": {
    "isCategory": true,
    "is_enabled": true
  },
  "variables": [],
  "dialogs": [],
  "airfields": [],
  "effects": [],
  "units": [
    {
      "objectGroups": {
        "name": "t1_helipad",
        "tm": [
          [-0.404364,0.0,-0.914598],
          [0.0,1.0,0.0],
          [0.914598,0.0,-0.404364],
          [457.95,77.8891,-1883.8]
        ],
        "unit_class": "dynHelipad_beton_a_ussr",
        "objLayer": 2,
        "props": {
          "army": 1,
          "active": true
        }
      }
    },
    {
      "objectGroups": {
        "name": "t1_helipad_hardcore",
        "tm": [
          [-0.814115,0.0,-0.580703],
          [0.0,1.0,0.0],
          [0.580703,0.0,-0.814115],
          [-7076.93,83.8576,-2751.57]
        ],
        "unit_class": "dynHelipad_beton_b_ussr",
        "objLayer": 2,
        "props": {
          "army": 1,
          "active": true
        }
      }
    },
    {
      "objectGroups": {
        "name": "t2_helipad",
        "tm": [
          [0.573076,0.0,0.819502],
          [0.0,1.0,0.0],
          [-0.819502,0.0,0.573076],
          [4338.18,29.216,5344.03]
        ],
        "unit_class": "dynHelipad_beton_a_usa",
        "objLayer": 2,
        "props": {
          "army": 2,
          "active": true
        }
      }
    },
    {
      "objectGroups": {
        "name": "t2_helipad_hardcore",
        "tm": [
          [0.920504,0.0,0.390731],
          [0.0,1.0,0.0],
          [-0.390731,0.0,0.920504],
          [11408.4,36.0347,7321.68]
        ],
        "unit_class": "dynHelipad_beton_b_usa",
        "objLayer": 2,
        "props": {
          "army": 2,
          "active": true
        }
      }
    }
  ],
  "areas": {
    "heli_4000": {
      "type": "Sphere",
      "tm": [
        [1780.66,0.0,7799.31],
        [0.0,8000.0,0.0],
        [-7799.31,0.0,1780.66],
        [2048.0,0.0,2048.0]
      ],
      "objLayer": 4,
      "props": []
    }
  },
  "objLayers": [
    {
      "layer": {
        "enabled": true
      }
    },
    {
      "layer": {
        "enabled": true
      }
    },
    {
      "layer": {
        "enabled": true
      }
    },
    {
      "layer": {
        "enabled": true
      }
    },
    {
      "layer": {
        "enabled": true
      }
    }
  ],
  "wayPoints": []
}