{
  "selected_tag": "",
  "bin_dump_file": "",
  "mission_settings": {
    "atmosphere": {
      "pressure": 760.0,
      "temperature": 30.0
    },
    "player": {
      "army": 1,
      "wing": ""
    },
    "player_teamB": {
      "army": 2
    },
    "mission": {
      "name": "guadalcanal_Bttl",
      "level": "levels/avg_eastern_europe.bin",
      "type": "domination",
      "restoreType": "attempts",
      "optionalTakeOff": false,
      "campaign": "pacific",
      "environment": "Day",
      "weather": "hazy",
      "missionDebriefing": "",
      "missionBriefing": "",
      "chapter": "air_ground_battles",
      "country_axis": "germany",
      "country_allies": "ussr",
      "tags": [],
      "missionType": {
        "_Dom": false,
        "_Conq": false,
        "_Bttl": false,
        "_Bto": false,
        "_race_straight": false,
        "_race_inverted": false,
        "_Flc": false,
        "_v1_race_straight": false,
        "_v1_race_inverted": false,
        "_v2_race_straight": false,
        "_v2_race_inverted": false,
        "_Conq1": false,
        "_Conq2": false,
        "_Conq3": false,
        "_Conq4": false,
        "_Conq5": false,
        "_Conq6": false,
        "_DBttlA": false,
        "_DBttlB": false,
        "_CnvA": false,
        "_CnvB": false,
        "_ArtDA": false,
        "_ArtDB": false
      }
    },
    "cover_points": [],
    "aiParams": {
      "aiEffectivenessViscosity": 90.0,
      "effectivenessDistances": [2500.0,7000.0]
    },
    "spectator_points": [],
    "briefing": {
      "place_loc": "",
      "date_loc": "",
      "objective_loc": "",
      "music": "action_01"
    }
  },
  "imports": {
    "import_record": {
      "file": "gameData/missions/templates/tank_templates/ai_base_defense_template.blk",
      "importAreas": true,
      "importUnits": true,
      "importTriggers": true,
      "importMissionObjectives": true,
      "importWayPoints": true,
      "showAreas": true,
      "showUnits": true,
      "showTriggers": true,
      "showMissionObjectives": true,
      "showWayPoints": true,
      "excludes": []
    }
  },
  "triggers": {
    "isCategory": true,
    "is_enabled": true
  },
  "mission_objectives": {
    "isCategory": true,
    "is_enabled": true
  },
  "variables": [],
  "dialogs": [],
  "airfields": [],
  "effects": [],
  "units": [
    {
      "objectGroups": {
        "name": "t1_trench01",
        "tm": [
          [-0.00190032,0.0,-0.999999],
          [0.0,1.0,0.0],
          [0.999999,0.0,-0.00190032],
          [2653.5,1.92304,1749.45]
        ],
        "unit_class": "det_trench_half_a_onground",
        "objLayer": 2,
        "props": {
          "army": 1,
          "active": true
        }
      }
    },
    {
      "objectGroups": {
        "name": "t1_trench02",
        "tm": [
          [-0.0348777,0.0,-0.999391],
          [0.0,1.0,0.0],
          [0.999391,0.0,-0.0348777],
          [2611.8,1.85,1626.75]
        ],
        "unit_class": "det_trench_half_a_onground",
        "objLayer": 2,
        "props": {
          "army": 1,
          "active": true
        }
      }
    },
    {
      "objectGroups": {
        "name": "t1_trench03",
        "tm": [
          [-0.0409632,0.0,-0.999161],
          [0.0,1.0,0.0],
          [0.999161,0.0,-0.0409632],
          [2613.8,1.85,1605.9]
        ],
        "unit_class": "det_trench_half_c_onground",
        "objLayer": 2,
        "props": {
          "army": 1,
          "active": true
        }
      }
    },
    {
      "objectGroups": {
        "name": "t1_trench04",
        "tm": [
          [0.135745,0.0,-0.990745],
          [0.0,1.0,0.0],
          [0.990745,0.0,0.135745],
          [2655.56,1.876,1713.46]
        ],
        "unit_class": "det_trench_half_a_onground",
        "objLayer": 2,
        "props": {
          "army": 1,
          "active": true
        }
      }
    },
    {
      "objectGroups": {
        "name": "t1_trench06",
        "tm": [
          [0.113835,0.0,-0.993499],
          [0.0,1.0,0.0],
          [0.993499,0.0,0.113835],
          [2662.14,1.98491,1732.32]
        ],
        "unit_class": "det_trench_system_c_onground",
        "objLayer": 2,
        "props": {
          "army": 1,
          "active": true
        }
      }
    },
    {
      "objectGroups": {
        "name": "t1_trench08",
        "tm": [
          [0.6115,0.0,-0.791246],
          [0.0,1.0,0.0],
          [0.791246,0.0,0.6115],
          [2595.3,1.85,1879.3]
        ],
        "unit_class": "det_trench_system_a_onground",
        "objLayer": 2,
        "props": {
          "army": 1,
          "active": true
        }
      }
    },
    {
      "objectGroups": {
        "name": "t1_trench09",
        "tm": [
          [0.279256,0.0,-0.960216],
          [0.0,1.0,0.0],
          [0.960216,0.0,0.279256],
          [2580.51,1.85,1903.5]
        ],
        "unit_class": "det_trench_half_b_onground",
        "objLayer": 2,
        "props": {
          "army": 1,
          "active": true
        }
      }
    },
    {
      "objectGroups": {
        "name": "t1_trench10",
        "tm": [
          [0.15685,0.0,-0.987623],
          [0.0,1.0,0.0],
          [0.987623,0.0,0.15685],
          [2592.45,3.15,1730.2]
        ],
        "unit_class": "det_trench_half_a_onground",
        "objLayer": 2,
        "props": {
          "army": 1,
          "active": true
        }
      }
    },
    {
      "objectGroups": {
        "name": "t1_trench11",
        "tm": [
          [-0.366681,0.0,-0.930346],
          [0.0,1.0,0.0],
          [0.930346,0.0,-0.366681],
          [2509.74,1.84918,2054.28]
        ],
        "unit_class": "det_trench_system_e_onground",
        "objLayer": 2,
        "props": {
          "army": 1,
          "active": true
        }
      }
    },
    {
      "objectGroups": {
        "name": "t1_trench12",
        "tm": [
          [-0.339338,0.0,-0.940664],
          [0.0,1.0,0.0],
          [0.940664,0.0,-0.339338],
          [2598.78,3.33916,1757.46]
        ],
        "unit_class": "det_trench_system_d_onground",
        "objLayer": 2,
        "props": {
          "army": 1,
          "active": true
        }
      }
    },
    {
      "objectGroups": {
        "name": "t1_trench13",
        "tm": [
          [0.0555144,0.0,-0.998458],
          [0.0,1.0,0.0],
          [0.998458,0.0,0.0555144],
          [2593.85,3.95731,1781.55]
        ],
        "unit_class": "det_trench_half_c_onground",
        "objLayer": 2,
        "props": {
          "army": 1,
          "active": true
        }
      }
    },
    {
      "tankModels": {
        "name": "t1_antiTankGun01",
        "tm": [
          [-0.851427,0.0,-0.52447],
          [0.0,1.0,0.0],
          [0.52447,0.0,-0.851427],
          [2620.9,1.85,1605.95]
        ],
        "unit_class": "germ_sdkfz_9_flak37",
        "objLayer": 1,
        "closed_waypoints": false,
        "isShipSpline": false,
        "shipTurnRadius": 100.0,
        "weapons": "",
        "bullets0": "",
        "bullets1": "",
        "bullets2": "",
        "bullets3": "",
        "bulletsCount0": 0,
        "bulletsCount1": 0,
        "bulletsCount2": 0,
        "bulletsCount3": 0,
        "props": {
          "army": 1,
          "count": 1,
          "formation_type": "rows",
          "formation_div": 3,
          "formation_step": [2.5,2.0],
          "formation_noise": [0.1,0.1],
          "uniqueName": "",
          "attack_type": "fire_at_will",
          "targetableByAi": false,
          "unitReplacementType": "antiTankGun"
        },
        "way": []
      }
    },
    {
      "tankModels": {
        "name": "t1_antiTankGun02",
        "tm": [
          [-0.735505,0.0,-0.677517],
          [0.0,1.0,0.0],
          [0.677517,0.0,-0.735505],
          [2600.05,1.85,1787.14]
        ],
        "unit_class": "germ_sdkfz_9_flak37",
        "objLayer": 1,
        "closed_waypoints": false,
        "isShipSpline": false,
        "shipTurnRadius": 100.0,
        "weapons": "",
        "bullets0": "",
        "bullets1": "",
        "bullets2": "",
        "bullets3": "",
        "bulletsCount0": 0,
        "bulletsCount1": 0,
        "bulletsCount2": 0,
        "bulletsCount3": 0,
        "props": {
          "army": 1,
          "count": 1,
          "formation_type": "rows",
          "formation_div": 3,
          "formation_step": [2.5,2.0],
          "formation_noise": [0.1,0.1],
          "uniqueName": "",
          "attack_type": "fire_at_will",
          "targetableByAi": false,
          "unitReplacementType": "antiTankGun"
        },
        "way": []
      }
    },
    {
      "tankModels": {
        "name": "t1_antiTankGun03",
        "tm": [
          [-0.998938,0.0,-0.0460601],
          [0.0,1.0,0.0],
          [0.0460601,0.0,-0.998938],
          [2618.75,1.85,1627.18]
        ],
        "unit_class": "germ_sdkfz_9_flak37",
        "objLayer": 1,
        "closed_waypoints": false,
        "isShipSpline": false,
        "shipTurnRadius": 100.0,
        "weapons": "",
        "bullets0": "",
        "bullets1": "",
        "bullets2": "",
        "bullets3": "",
        "bulletsCount0": 0,
        "bulletsCount1": 0,
        "bulletsCount2": 0,
        "bulletsCount3": 0,
        "props": {
          "army": 1,
          "count": 1,
          "formation_type": "rows",
          "formation_div": 3,
          "formation_step": [2.5,2.0],
          "formation_noise": [0.1,0.1],
          "uniqueName": "",
          "attack_type": "fire_at_will",
          "targetableByAi": false,
          "unitReplacementType": "antiTankGun"
        },
        "way": []
      }
    },
    {
      "tankModels": {
        "name": "t1_antiTankGun04",
        "tm": [
          [-0.998277,0.0,0.0586686],
          [0.0,1.0,0.0],
          [-0.0586686,0.0,-0.998277],
          [2600.78,1.85,1727.99]
        ],
        "unit_class": "germ_sdkfz_9_flak37",
        "objLayer": 1,
        "closed_waypoints": false,
        "isShipSpline": false,
        "shipTurnRadius": 100.0,
        "weapons": "",
        "bullets0": "",
        "bullets1": "",
        "bullets2": "",
        "bullets3": "",
        "bulletsCount0": 0,
        "bulletsCount1": 0,
        "bulletsCount2": 0,
        "bulletsCount3": 0,
        "props": {
          "army": 1,
          "count": 1,
          "formation_type": "rows",
          "formation_div": 3,
          "formation_step": [2.5,2.0],
          "formation_noise": [0.1,0.1],
          "uniqueName": "",
          "attack_type": "fire_at_will",
          "targetableByAi": false,
          "unitReplacementType": "antiTankGun"
        },
        "way": []
      }
    },
    {
      "tankModels": {
        "name": "t1_antiTankGun05",
        "tm": [
          [-0.978625,0.0,-0.205653],
          [0.0,1.0,0.0],
          [0.205653,0.0,-0.978625],
          [2663.4,1.9,1714.5]
        ],
        "unit_class": "germ_sdkfz_9_flak37",
        "objLayer": 1,
        "closed_waypoints": false,
        "isShipSpline": false,
        "shipTurnRadius": 100.0,
        "weapons": "",
        "bullets0": "",
        "bullets1": "",
        "bullets2": "",
        "bullets3": "",
        "bulletsCount0": 0,
        "bulletsCount1": 0,
        "bulletsCount2": 0,
        "bulletsCount3": 0,
        "props": {
          "army": 1,
          "count": 1,
          "formation_type": "rows",
          "formation_div": 3,
          "formation_step": [2.5,2.0],
          "formation_noise": [0.1,0.1],
          "uniqueName": "",
          "attack_type": "fire_at_will",
          "targetableByAi": false,
          "unitReplacementType": "antiTankGun"
        },
        "way": []
      }
    },
    {
      "tankModels": {
        "name": "t1_antiTankGun06",
        "tm": [
          [-0.997303,0.0,-0.0733888],
          [0.0,1.0,0.0],
          [0.0733888,0.0,-0.997303],
          [2675.35,2.72046,1724.25]
        ],
        "unit_class": "germ_sdkfz_9_flak37",
        "objLayer": 1,
        "closed_waypoints": false,
        "isShipSpline": false,
        "shipTurnRadius": 100.0,
        "weapons": "",
        "bullets0": "",
        "bullets1": "",
        "bullets2": "",
        "bullets3": "",
        "bulletsCount0": 0,
        "bulletsCount1": 0,
        "bulletsCount2": 0,
        "bulletsCount3": 0,
        "props": {
          "army": 1,
          "count": 1,
          "formation_type": "rows",
          "formation_div": 3,
          "formation_step": [2.5,2.0],
          "formation_noise": [0.1,0.1],
          "uniqueName": "",
          "attack_type": "fire_at_will",
          "targetableByAi": false,
          "unitReplacementType": "antiTankGun"
        },
        "way": []
      }
    },
    {
      "tankModels": {
        "name": "t1_antiTankGun07",
        "tm": [
          [-0.999436,0.0,0.0335623],
          [0.0,1.0,0.0],
          [-0.0335623,0.0,-0.999436],
          [2579.75,1.85,1700.25]
        ],
        "unit_class": "germ_sdkfz_9_flak37",
        "objLayer": 1,
        "closed_waypoints": false,
        "isShipSpline": false,
        "shipTurnRadius": 100.0,
        "weapons": "",
        "bullets0": "",
        "bullets1": "",
        "bullets2": "",
        "bullets3": "",
        "bulletsCount0": 0,
        "bulletsCount1": 0,
        "bulletsCount2": 0,
        "bulletsCount3": 0,
        "props": {
          "army": 1,
          "count": 1,
          "formation_type": "rows",
          "formation_div": 3,
          "formation_step": [2.5,2.0],
          "formation_noise": [0.1,0.1],
          "uniqueName": "",
          "attack_type": "fire_at_will",
          "targetableByAi": false,
          "unitReplacementType": "antiTankGun"
        },
        "way": []
      }
    },
    {
      "tankModels": {
        "name": "t1_antiTankGun08",
        "tm": [
          [-0.951431,0.0,-0.307861],
          [0.0,1.0,0.0],
          [0.307861,0.0,-0.951431],
          [2587.26,1.85,1905.77]
        ],
        "unit_class": "germ_sdkfz_9_flak37",
        "objLayer": 1,
        "closed_waypoints": false,
        "isShipSpline": false,
        "shipTurnRadius": 100.0,
        "weapons": "",
        "bullets0": "",
        "bullets1": "",
        "bullets2": "",
        "bullets3": "",
        "bulletsCount0": 0,
        "bulletsCount1": 0,
        "bulletsCount2": 0,
        "bulletsCount3": 0,
        "props": {
          "army": 1,
          "count": 1,
          "formation_type": "rows",
          "formation_div": 3,
          "formation_step": [2.5,2.0],
          "formation_noise": [0.1,0.1],
          "uniqueName": "",
          "attack_type": "fire_at_will",
          "targetableByAi": false,
          "unitReplacementType": "antiTankGun"
        },
        "way": []
      }
    },
    {
      "tankModels": {
        "name": "t1_antiTankGun09",
        "tm": [
          [-0.825758,0.0,-0.564023],
          [0.0,1.0,0.0],
          [0.564023,0.0,-0.825758],
          [2610.82,1.85,1880.18]
        ],
        "unit_class": "germ_sdkfz_9_flak37",
        "objLayer": 1,
        "closed_waypoints": false,
        "isShipSpline": false,
        "shipTurnRadius": 100.0,
        "weapons": "",
        "bullets0": "",
        "bullets1": "",
        "bullets2": "",
        "bullets3": "",
        "bulletsCount0": 0,
        "bulletsCount1": 0,
        "bulletsCount2": 0,
        "bulletsCount3": 0,
        "props": {
          "army": 1,
          "count": 1,
          "formation_type": "rows",
          "formation_div": 3,
          "formation_step": [2.5,2.0],
          "formation_noise": [0.1,0.1],
          "uniqueName": "",
          "attack_type": "fire_at_will",
          "targetableByAi": false,
          "unitReplacementType": "antiTankGun"
        },
        "way": []
      }
    },
    {
      "tankModels": {
        "name": "t1_antiTankGun10",
        "tm": [
          [-0.902538,0.0,0.43061],
          [0.0,1.0,0.0],
          [-0.43061,0.0,-0.902538],
          [2663.7,2.08119,1747.45]
        ],
        "unit_class": "germ_sdkfz_9_flak37",
        "objLayer": 1,
        "closed_waypoints": false,
        "isShipSpline": false,
        "shipTurnRadius": 100.0,
        "weapons": "",
        "bullets0": "",
        "bullets1": "",
        "bullets2": "",
        "bullets3": "",
        "bulletsCount0": 0,
        "bulletsCount1": 0,
        "bulletsCount2": 0,
        "bulletsCount3": 0,
        "props": {
          "army": 1,
          "count": 1,
          "formation_type": "rows",
          "formation_div": 3,
          "formation_step": [2.5,2.0],
          "formation_noise": [0.1,0.1],
          "uniqueName": "",
          "attack_type": "fire_at_will",
          "targetableByAi": false,
          "unitReplacementType": "antiTankGun"
        },
        "way": []
      }
    },
    {
      "tankModels": {
        "name": "t1_antiTankGun11",
        "tm": [
          [-0.981446,0.0,-0.19173],
          [0.0,1.0,0.0],
          [0.19173,0.0,-0.981446],
          [2597.03,1.85,1897.34]
        ],
        "unit_class": "germ_sdkfz_9_flak37",
        "objLayer": 1,
        "closed_waypoints": false,
        "isShipSpline": false,
        "shipTurnRadius": 100.0,
        "weapons": "",
        "bullets0": "",
        "bullets1": "",
        "bullets2": "",
        "bullets3": "",
        "bulletsCount0": 0,
        "bulletsCount1": 0,
        "bulletsCount2": 0,
        "bulletsCount3": 0,
        "props": {
          "army": 1,
          "count": 1,
          "formation_type": "rows",
          "formation_div": 3,
          "formation_step": [2.5,2.0],
          "formation_noise": [0.1,0.1],
          "uniqueName": "",
          "attack_type": "fire_at_will",
          "targetableByAi": false,
          "unitReplacementType": "antiTankGun"
        },
        "way": []
      }
    },
    {
      "tankModels": {
        "name": "t1_antiTankGun12",
        "tm": [
          [-0.99997,0.0,-0.00765797],
          [0.0,1.0,0.0],
          [0.00765797,0.0,-0.99997],
          [2603.21,1.85,1887.76]
        ],
        "unit_class": "germ_sdkfz_9_flak37",
        "objLayer": 1,
        "closed_waypoints": false,
        "isShipSpline": false,
        "shipTurnRadius": 100.0,
        "weapons": "",
        "bullets0": "",
        "bullets1": "",
        "bullets2": "",
        "bullets3": "",
        "bulletsCount0": 0,
        "bulletsCount1": 0,
        "bulletsCount2": 0,
        "bulletsCount3": 0,
        "props": {
          "army": 1,
          "count": 1,
          "formation_type": "rows",
          "formation_div": 3,
          "formation_step": [2.5,2.0],
          "formation_noise": [0.1,0.1],
          "uniqueName": "",
          "attack_type": "fire_at_will",
          "targetableByAi": false,
          "unitReplacementType": "antiTankGun"
        },
        "way": []
      }
    },
    {
      "tankModels": {
        "name": "t1_antiTankGun13",
        "tm": [
          [-0.937499,0.0,-0.347982],
          [0.0,1.0,0.0],
          [0.347982,0.0,-0.937499],
          [2608.79,1.85001,1739.7]
        ],
        "unit_class": "germ_sdkfz_9_flak37",
        "objLayer": 1,
        "closed_waypoints": false,
        "isShipSpline": false,
        "shipTurnRadius": 100.0,
        "weapons": "",
        "bullets0": "",
        "bullets1": "",
        "bullets2": "",
        "bullets3": "",
        "bulletsCount0": 0,
        "bulletsCount1": 0,
        "bulletsCount2": 0,
        "bulletsCount3": 0,
        "props": {
          "army": 1,
          "count": 1,
          "formation_type": "rows",
          "formation_div": 3,
          "formation_step": [2.5,2.0],
          "formation_noise": [0.1,0.1],
          "uniqueName": "",
          "attack_type": "fire_at_will",
          "targetableByAi": false,
          "unitReplacementType": "antiTankGun"
        },
        "way": []
      }
    },
    {
      "tankModels": {
        "name": "t1_antiTankGun14",
        "tm": [
          [-0.941382,0.0,0.337337],
          [0.0,1.0,0.0],
          [-0.337337,0.0,-0.941382],
          [2677.09,2.92453,1735.88]
        ],
        "unit_class": "germ_sdkfz_9_flak37",
        "objLayer": 1,
        "closed_waypoints": false,
        "isShipSpline": false,
        "shipTurnRadius": 100.0,
        "weapons": "",
        "bullets0": "",
        "bullets1": "",
        "bullets2": "",
        "bullets3": "",
        "bulletsCount0": 0,
        "bulletsCount1": 0,
        "bulletsCount2": 0,
        "bulletsCount3": 0,
        "props": {
          "army": 1,
          "count": 1,
          "formation_type": "rows",
          "formation_div": 3,
          "formation_step": [2.5,2.0],
          "formation_noise": [0.1,0.1],
          "uniqueName": "",
          "attack_type": "fire_at_will",
          "targetableByAi": false,
          "unitReplacementType": "antiTankGun"
        },
        "way": []
      }
    },
    {
      "tankModels": {
        "name": "t1_antiTankGun15",
        "tm": [
          [-0.987312,0.0,-0.158789],
          [0.0,1.0,0.0],
          [0.158789,0.0,-0.987312],
          [2611.1,1.85001,1756.34]
        ],
        "unit_class": "germ_sdkfz_9_flak37",
        "objLayer": 1,
        "closed_waypoints": false,
        "isShipSpline": false,
        "shipTurnRadius": 100.0,
        "weapons": "",
        "bullets0": "",
        "bullets1": "",
        "bullets2": "",
        "bullets3": "",
        "bulletsCount0": 0,
        "bulletsCount1": 0,
        "bulletsCount2": 0,
        "bulletsCount3": 0,
        "props": {
          "army": 1,
          "count": 1,
          "formation_type": "rows",
          "formation_div": 3,
          "formation_step": [2.5,2.0],
          "formation_noise": [0.1,0.1],
          "uniqueName": "",
          "attack_type": "fire_at_will",
          "targetableByAi": false,
          "unitReplacementType": "antiTankGun"
        },
        "way": []
      }
    },
    {
      "tankModels": {
        "name": "t1_antiTankGun16",
        "tm": [
          [-0.828261,0.0,-0.56034],
          [0.0,1.0,0.0],
          [0.56034,0.0,-0.828261],
          [2608.4,1.85001,1774.7]
        ],
        "unit_class": "germ_sdkfz_9_flak37",
        "objLayer": 1,
        "closed_waypoints": false,
        "isShipSpline": false,
        "shipTurnRadius": 100.0,
        "weapons": "",
        "bullets0": "",
        "bullets1": "",
        "bullets2": "",
        "bullets3": "",
        "bulletsCount0": 0,
        "bulletsCount1": 0,
        "bulletsCount2": 0,
        "bulletsCount3": 0,
        "props": {
          "army": 1,
          "count": 1,
          "formation_type": "rows",
          "formation_div": 3,
          "formation_step": [2.5,2.0],
          "formation_noise": [0.1,0.1],
          "uniqueName": "",
          "attack_type": "fire_at_will",
          "targetableByAi": false,
          "unitReplacementType": "antiTankGun"
        },
        "way": []
      }
    },
    {
      "squad": {
        "name": "t1_zoneDef_sq",
        "tm": [
          [0.708862,0.0,0.705347],
          [0.0,1.0,0.0],
          [-0.705347,0.0,0.708862],
          [2544.36,1.85,1892.22]
        ],
        "props": [
          {
            "squad_members": "t1_antiTankGun01"
          },
          {
            "squad_members": "t1_antiTankGun02"
          },
          {
            "squad_members": "t1_antiTankGun03"
          },
          {
            "squad_members": "t1_antiTankGun04"
          },
          {
            "squad_members": "t1_antiTankGun05"
          },
          {
            "squad_members": "t1_antiTankGun06"
          },
          {
            "squad_members": "t1_antiTankGun07"
          },
          {
            "squad_members": "t1_antiTankGun08"
          },
          {
            "squad_members": "t1_antiTankGun09"
          },
          {
            "squad_members": "t1_antiTankGun10"
          },
          {
            "squad_members": "t1_antiTankGun11"
          },
          {
            "squad_members": "t1_antiTankGun12"
          },
          {
            "squad_members": "t1_antiTankGun13"
          },
          {
            "squad_members": "t1_antiTankGun14"
          },
          {
            "squad_members": "t1_antiTankGun15"
          },
          {
            "squad_members": "t1_antiTankGun16"
          },
          {
            "squad_members": "t1_antiTankGun17"
          },
          {
            "squad_members": "t1_antiTankGun18"
          },
          {
            "squad_members": "t1_antiTankGun19"
          },
          {
            "squad_members": "t1_antiTankGun20"
          }
        ]
      }
    },
    {
      "squad": {
        "name": "t1_trench_sq",
        "tm": [
          [0.708862,0.0,0.705347],
          [0.0,1.0,0.0],
          [-0.705347,0.0,0.708862],
          [2521.93,1.85,1894.3]
        ],
        "props": [
          {
            "squad_members": "t1_trench01"
          },
          {
            "squad_members": "t1_trench02"
          },
          {
            "squad_members": "t1_trench03"
          },
          {
            "squad_members": "t1_trench04"
          },
          {
            "squad_members": "t1_trench06"
          },
          {
            "squad_members": "t1_trench08"
          },
          {
            "squad_members": "t1_trench09"
          },
          {
            "squad_members": "t1_trench10"
          },
          {
            "squad_members": "t1_trench11"
          },
          {
            "squad_members": "t1_trench12"
          },
          {
            "squad_members": "t1_trench13"
          },
          {
            "squad_members": "t1_trench14"
          },
          {
            "squad_members": "t1_trench15"
          },
          {
            "squad_members": "t1_trench16"
          }
        ]
      }
    },
    {
      "objectGroups": {
        "name": "t1_trench14",
        "tm": [
          [0.519463,0.0,-0.854494],
          [0.0,1.0,0.0],
          [0.854494,0.0,0.519463],
          [2515.85,1.85,2010.2]
        ],
        "unit_class": "det_trench_half_a_onground",
        "objLayer": 2,
        "props": {
          "army": 1,
          "active": true
        }
      }
    },
    {
      "objectGroups": {
        "name": "t1_trench15",
        "tm": [
          [0.368311,0.0,-0.929701],
          [0.0,1.0,0.0],
          [0.929701,0.0,0.368311],
          [2506.58,1.85,2031.11]
        ],
        "unit_class": "det_trench_half_a_onground",
        "objLayer": 2,
        "props": {
          "army": 1,
          "active": true
        }
      }
    },
    {
      "objectGroups": {
        "name": "t1_trench16",
        "tm": [
          [-0.454484,0.0,-0.890753],
          [0.0,1.0,0.0],
          [0.890753,0.0,-0.454484],
          [2572.75,1.85,1703.95]
        ],
        "unit_class": "det_trench_half_c_onground",
        "objLayer": 2,
        "props": {
          "army": 1,
          "active": true
        }
      }
    },
    {
      "objectGroups": {
        "name": "t2_trench01",
        "tm": [
          [-0.152983,0.0,0.98823],
          [0.0,1.0,0.0],
          [-0.988229,0.0,-0.152981],
          [1666.55,6.75,1368.95]
        ],
        "unit_class": "det_trench_half_a_onground",
        "objLayer": 2,
        "props": {
          "army": 2,
          "active": true
        }
      }
    },
    {
      "objectGroups": {
        "name": "t2_trench02",
        "tm": [
          [-0.352917,0.0,0.935654],
          [0.0,1.0,0.0],
          [-0.935654,0.0,-0.352917],
          [1641.04,1.85,1599.19]
        ],
        "unit_class": "det_trench_half_a_onground",
        "objLayer": 2,
        "props": {
          "army": 2,
          "active": true
        }
      }
    },
    {
      "objectGroups": {
        "name": "t2_trench03",
        "tm": [
          [0.238022,0.0,0.97126],
          [0.0,1.0,0.0],
          [-0.97126,0.0,0.238022],
          [1641.2,1.85,1576.1]
        ],
        "unit_class": "det_trench_half_c_onground",
        "objLayer": 2,
        "props": {
          "army": 2,
          "active": true
        }
      }
    },
    {
      "objectGroups": {
        "name": "t2_trench04",
        "tm": [
          [0.10335,0.0,0.994646],
          [0.0,1.0,0.0],
          [-0.994646,0.0,0.10335],
          [1711.3,1.87148,1463.55]
        ],
        "unit_class": "det_trench_half_b_onground",
        "objLayer": 2,
        "props": {
          "army": 2,
          "active": true
        }
      }
    },
    {
      "objectGroups": {
        "name": "t2_trench05",
        "tm": [
          [-0.337962,0.0,0.94116],
          [0.0,1.0,0.0],
          [-0.94116,0.0,-0.337962],
          [1633.2,1.85,1628.5]
        ],
        "unit_class": "det_trench_system_e_onground",
        "objLayer": 2,
        "props": {
          "army": 2,
          "active": true
        }
      }
    },
    {
      "objectGroups": {
        "name": "t2_trench06",
        "tm": [
          [0.139664,0.0,0.990198],
          [0.0,1.0,0.0],
          [-0.990198,0.0,0.139664],
          [1631.6,1.85,1614.55]
        ],
        "unit_class": "det_trench_system_c_onground",
        "objLayer": 2,
        "props": {
          "army": 2,
          "active": true
        }
      }
    },
    {
      "objectGroups": {
        "name": "t2_trench07",
        "tm": [
          [-0.797783,0.0,0.602945],
          [0.0,1.0,0.0],
          [-0.602945,0.0,-0.797783],
          [1692.76,11.7884,1172.8]
        ],
        "unit_class": "det_trench_half_c_onground",
        "objLayer": 2,
        "props": {
          "army": 2,
          "active": true
        }
      }
    },
    {
      "objectGroups": {
        "name": "t2_trench08",
        "tm": [
          [-0.225717,0.0,0.974194],
          [0.0,1.0,0.0],
          [-0.974194,0.0,-0.225717],
          [1592.59,8.58476,1298.12]
        ],
        "unit_class": "det_trench_system_a_onground",
        "objLayer": 2,
        "props": {
          "army": 2,
          "active": true
        }
      }
    },
    {
      "objectGroups": {
        "name": "t2_trench09",
        "tm": [
          [-0.360753,0.0,0.932661],
          [0.0,1.0,0.0],
          [-0.932661,0.0,-0.360753],
          [1594.09,7.31822,1324.24]
        ],
        "unit_class": "det_trench_half_b_onground",
        "objLayer": 2,
        "props": {
          "army": 2,
          "active": true
        }
      }
    },
    {
      "objectGroups": {
        "name": "t2_trench10",
        "tm": [
          [-0.510368,0.0,0.859955],
          [0.0,1.0,0.0],
          [-0.859955,0.0,-0.510368],
          [1669.79,11.2272,1216.28]
        ],
        "unit_class": "det_trench_half_a_onground",
        "objLayer": 2,
        "props": {
          "army": 2,
          "active": true
        }
      }
    },
    {
      "objectGroups": {
        "name": "t2_trench11",
        "tm": [
          [-0.373541,0.0,0.927613],
          [0.0,1.0,0.0],
          [-0.927613,0.0,-0.373541],
          [1639.22,11.0442,1249.21]
        ],
        "unit_class": "det_trench_system_e_onground",
        "objLayer": 2,
        "props": {
          "army": 2,
          "active": true
        }
      }
    },
    {
      "objectGroups": {
        "name": "t2_trench12",
        "tm": [
          [-0.138719,0.0,0.990332],
          [0.0,1.0,0.0],
          [-0.990332,0.0,-0.138719],
          [1675.27,11.4997,1188.43]
        ],
        "unit_class": "det_trench_system_d_onground",
        "objLayer": 2,
        "props": {
          "army": 2,
          "active": true
        }
      }
    },
    {
      "objectGroups": {
        "name": "t2_trench13",
        "tm": [
          [-0.535391,0.0,0.844604],
          [0.0,1.0,0.0],
          [-0.844605,0.0,-0.53539],
          [1627.22,10.0796,1274.03]
        ],
        "unit_class": "det_trench_half_c_onground",
        "objLayer": 2,
        "props": {
          "army": 2,
          "active": true
        }
      }
    },
    {
      "squad": {
        "name": "t2_trench_sq",
        "tm": [
          [-0.842246,0.0,0.539093],
          [0.0,1.0,0.0],
          [-0.539093,0.0,-0.842246],
          [1598.66,51.3783,1498.33]
        ],
        "props": [
          {
            "squad_members": "t2_trench01"
          },
          {
            "squad_members": "t2_trench02"
          },
          {
            "squad_members": "t2_trench03"
          },
          {
            "squad_members": "t2_trench04"
          },
          {
            "squad_members": "t2_trench05"
          },
          {
            "squad_members": "t2_trench06"
          },
          {
            "squad_members": "t2_trench07"
          },
          {
            "squad_members": "t2_trench08"
          },
          {
            "squad_members": "t2_trench09"
          },
          {
            "squad_members": "t2_trench10"
          },
          {
            "squad_members": "t2_trench11"
          },
          {
            "squad_members": "t2_trench12"
          },
          {
            "squad_members": "t2_trench13"
          }
        ]
      }
    },
    {
      "tankModels": {
        "name": "t2_antiTankGun01",
        "tm": [
          [0.93843,0.0,0.34547],
          [0.0,1.0,0.0],
          [-0.34547,0.0,0.93843],
          [1624.31,10.6207,1248.63]
        ],
        "unit_class": "germ_sdkfz_9_flak37",
        "objLayer": 1,
        "closed_waypoints": false,
        "isShipSpline": false,
        "shipTurnRadius": 100.0,
        "weapons": "",
        "bullets0": "",
        "bullets1": "",
        "bullets2": "",
        "bullets3": "",
        "bulletsCount0": 0,
        "bulletsCount1": 0,
        "bulletsCount2": 0,
        "bulletsCount3": 0,
        "props": {
          "army": 2,
          "count": 1,
          "formation_type": "rows",
          "formation_div": 3,
          "formation_step": [2.5,2.0],
          "formation_noise": [0.1,0.1],
          "uniqueName": "",
          "attack_type": "fire_at_will",
          "targetableByAi": false,
          "unitReplacementType": "antiTankGun"
        },
        "way": []
      }
    },
    {
      "tankModels": {
        "name": "t2_antiTankGun02",
        "tm": [
          [0.836362,0.0,0.548176],
          [0.0,1.0,0.0],
          [-0.548176,0.0,0.836362],
          [1672.03,12.3404,1170.36]
        ],
        "unit_class": "germ_sdkfz_9_flak37",
        "objLayer": 1,
        "closed_waypoints": false,
        "isShipSpline": false,
        "shipTurnRadius": 100.0,
        "weapons": "",
        "bullets0": "",
        "bullets1": "",
        "bullets2": "",
        "bullets3": "",
        "bulletsCount0": 0,
        "bulletsCount1": 0,
        "bulletsCount2": 0,
        "bulletsCount3": 0,
        "props": {
          "army": 2,
          "count": 1,
          "formation_type": "rows",
          "formation_div": 3,
          "formation_step": [2.5,2.0],
          "formation_noise": [0.1,0.1],
          "uniqueName": "",
          "attack_type": "fire_at_will",
          "targetableByAi": false,
          "unitReplacementType": "antiTankGun"
        },
        "way": []
      }
    },
    {
      "tankModels": {
        "name": "t2_antiTankGun03",
        "tm": [
          [0.830243,0.0,0.557399],
          [0.0,1.0,0.0],
          [-0.557399,0.0,0.830243],
          [1657.22,12.0009,1194.96]
        ],
        "unit_class": "germ_sdkfz_9_flak37",
        "objLayer": 1,
        "closed_waypoints": false,
        "isShipSpline": false,
        "shipTurnRadius": 100.0,
        "weapons": "",
        "bullets0": "",
        "bullets1": "",
        "bullets2": "",
        "bullets3": "",
        "bulletsCount0": 0,
        "bulletsCount1": 0,
        "bulletsCount2": 0,
        "bulletsCount3": 0,
        "props": {
          "army": 2,
          "count": 1,
          "formation_type": "rows",
          "formation_div": 3,
          "formation_step": [2.5,2.0],
          "formation_noise": [0.1,0.1],
          "uniqueName": "",
          "attack_type": "fire_at_will",
          "targetableByAi": false,
          "unitReplacementType": "antiTankGun"
        },
        "way": []
      }
    },
    {
      "tankModels": {
        "name": "t2_antiTankGun04",
        "tm": [
          [0.933856,0.0,0.357649],
          [0.0,1.0,0.0],
          [-0.357649,0.0,0.933856],
          [1661.5,11.7093,1212.0]
        ],
        "unit_class": "germ_sdkfz_9_flak37",
        "objLayer": 1,
        "closed_waypoints": false,
        "isShipSpline": false,
        "shipTurnRadius": 100.0,
        "weapons": "",
        "bullets0": "",
        "bullets1": "",
        "bullets2": "",
        "bullets3": "",
        "bulletsCount0": 0,
        "bulletsCount1": 0,
        "bulletsCount2": 0,
        "bulletsCount3": 0,
        "props": {
          "army": 2,
          "count": 1,
          "formation_type": "rows",
          "formation_div": 3,
          "formation_step": [2.5,2.0],
          "formation_noise": [0.1,0.1],
          "uniqueName": "",
          "attack_type": "fire_at_will",
          "targetableByAi": false,
          "unitReplacementType": "antiTankGun"
        },
        "way": []
      }
    },
    {
      "tankModels": {
        "name": "t2_antiTankGun05",
        "tm": [
          [0.999375,0.0,-0.0353776],
          [0.0,1.0,0.0],
          [0.0353776,0.0,0.999375],
          [1578.95,8.90127,1285.39]
        ],
        "unit_class": "germ_sdkfz_9_flak37",
        "objLayer": 1,
        "closed_waypoints": false,
        "isShipSpline": false,
        "shipTurnRadius": 100.0,
        "weapons": "",
        "bullets0": "",
        "bullets1": "",
        "bullets2": "",
        "bullets3": "",
        "bulletsCount0": 0,
        "bulletsCount1": 0,
        "bulletsCount2": 0,
        "bulletsCount3": 0,
        "props": {
          "army": 2,
          "count": 1,
          "formation_type": "rows",
          "formation_div": 3,
          "formation_step": [2.5,2.0],
          "formation_noise": [0.1,0.1],
          "uniqueName": "",
          "attack_type": "fire_at_will",
          "targetableByAi": false,
          "unitReplacementType": "antiTankGun"
        },
        "way": []
      }
    },
    {
      "tankModels": {
        "name": "t2_antiTankGun06",
        "tm": [
          [0.946722,0.0,0.32205],
          [0.0,1.0,0.0],
          [-0.32205,0.0,0.946722],
          [1629.86,11.1354,1236.33]
        ],
        "unit_class": "germ_sdkfz_9_flak37",
        "objLayer": 1,
        "closed_waypoints": false,
        "isShipSpline": false,
        "shipTurnRadius": 100.0,
        "weapons": "",
        "bullets0": "",
        "bullets1": "",
        "bullets2": "",
        "bullets3": "",
        "bulletsCount0": 0,
        "bulletsCount1": 0,
        "bulletsCount2": 0,
        "bulletsCount3": 0,
        "props": {
          "army": 2,
          "count": 1,
          "formation_type": "rows",
          "formation_div": 3,
          "formation_step": [2.5,2.0],
          "formation_noise": [0.1,0.1],
          "uniqueName": "",
          "attack_type": "fire_at_will",
          "targetableByAi": false,
          "unitReplacementType": "antiTankGun"
        },
        "way": []
      }
    },
    {
      "tankModels": {
        "name": "t2_antiTankGun07",
        "tm": [
          [0.67961,0.0,0.733572],
          [0.0,1.0,0.0],
          [-0.733572,0.0,0.67961],
          [1687.43,12.7676,1163.72]
        ],
        "unit_class": "germ_sdkfz_9_flak37",
        "objLayer": 1,
        "closed_waypoints": false,
        "isShipSpline": false,
        "shipTurnRadius": 100.0,
        "weapons": "",
        "bullets0": "",
        "bullets1": "",
        "bullets2": "",
        "bullets3": "",
        "bulletsCount0": 0,
        "bulletsCount1": 0,
        "bulletsCount2": 0,
        "bulletsCount3": 0,
        "props": {
          "army": 2,
          "count": 1,
