{
  "selected_tag": "",
  "bin_dump_file": "",
  "mission_settings": {
    "atmosphere": {
      "pressure": 760.0,
      "temperature": 15.0
    },
    "spectator_points": [],
    "cover_points": [],
    "aiParams": {
      "aiEffectivenessViscosity": 90.0,
      "effectivenessDistances": [2500.0,7000.0]
    },
    "player": {
      "army": 1
    },
    "player_teamB": {
      "army": 2
    },
    "mission": {
      "name": "untitled",
      "type": "singleMission",
      "level": "levels/water.bin",
      "campaign": "UserMissions",
      "restoreType": "attempts",
      "optionalTakeOff": false,
      "missionDebriefing": "",
      "missionBriefing": "",
      "environment": "Day",
      "weather": "hazy",
      "missionType": {
        "_Dom": false,
        "_Conq": false,
        "_CnvA": false,
        "_CnvB": false,
        "_ArtDA": false,
        "_ArtDB": false,
        "_Bttl": false,
        "_DBttlA": false,
        "_DBttlB": false,
        "_Bto": false,
        "_Flc": false,
        "_v1_race_straight": false,
        "_v1_race_inverted": false,
        "_v2_race_straight": false,
        "_v2_race_inverted": false,
        "_Conq1": false,
        "_Conq2": false,
        "_Conq3": false,
        "_Conq4": false,
        "_Conq5": false,
        "_Conq6": false
      },
      "tags": []
    },
    "missions_include": {
      "mission": {
        "filename": ""
      }
    }
  },
  "imports": [],
  "triggers": {
    "isCategory": true,
    "is_enabled": true
  },
  "mission_objectives": {
    "isCategory": true,
    "is_enabled": true
  },
  "variables": [],
  "dialogs": [],
  "airfields": [],
  "effects": [],
  "units": [
    {
      "area_squad": {
        "name": "nbttl_t2_boat_spawn_01",
        "tm": [
          [0.707107,0.0,0.707107],
          [0.0,1.0,0.0],
          [-0.707107,0.0,0.707107],
          [6250.9,0.0,2386.95]
        ],
        "props": [
          {
            "squad_members": "t2_shipspawn01"
          },
          {
            "squad_members": "t2_shipspawn02"
          },
          {
            "squad_members": "t2_shipspawn03"
          },
          {
            "squad_members": "t2_shipspawn04"
          },
          {
            "squad_members": "t2_shipspawn05"
          },
          {
            "squad_members": "t2_shipspawn06"
          },
          {
            "squad_members": "t2_shipspawn07"
          },
          {
            "squad_members": "t2_shipspawn08"
          },
          {
            "squad_members": "t2_shipspawn09"
          },
          {
            "squad_members": "t2_shipspawn10"
          },
          {
            "squad_members": "t2_shipspawn11"
          },
          {
            "squad_members": "t2_shipspawn12"
          },
          {
            "squad_members": "t2_shipspawn13"
          },
          {
            "squad_members": "t2_shipspawn14"
          },
          {
            "squad_members": "t2_shipspawn15"
          },
          {
            "squad_members": "t2_shipspawn16"
          }
        ]
      }
    },
    {
      "area_squad": {
        "name": "nbttl_t2_boat_spawn_02",
        "tm": [
          [0.774881,0.0,0.632107],
          [0.0,1.0,0.0],
          [-0.632107,0.0,0.774881],
          [6303.26,0.000488281,5395.21]
        ],
        "props": [
          {
            "squad_members": "t2_shipspawn17"
          },
          {
            "squad_members": "t2_shipspawn18"
          },
          {
            "squad_members": "t2_shipspawn19"
          },
          {
            "squad_members": "t2_shipspawn20"
          },
          {
            "squad_members": "t2_shipspawn21"
          },
          {
            "squad_members": "t2_shipspawn22"
          },
          {
            "squad_members": "t2_shipspawn23"
          },
          {
            "squad_members": "t2_shipspawn24"
          },
          {
            "squad_members": "t2_shipspawn25"
          },
          {
            "squad_members": "t2_shipspawn26"
          },
          {
            "squad_members": "t2_shipspawn27"
          },
          {
            "squad_members": "t2_shipspawn28"
          },
          {
            "squad_members": "t2_shipspawn29"
          },
          {
            "squad_members": "t2_shipspawn30"
          },
          {
            "squad_members": "t2_shipspawn31"
          },
          {
            "squad_members": "t2_shipspawn32"
          }
        ]
      }
    },
    {
      "area_squad": {
        "name": "nbttl_t1_boat_spawn_01",
        "tm": [
          [0.707107,0.0,0.707107],
          [0.0,1.0,0.0],
          [-0.707107,0.0,0.707107],
          [2266.16,0.0,5563.23]
        ],
        "props": [
          {
            "squad_members": "t1_shipspawn01"
          },
          {
            "squad_members": "t1_shipspawn02"
          },
          {
            "squad_members": "t1_shipspawn03"
          },
          {
            "squad_members": "t1_shipspawn04"
          },
          {
            "squad_members": "t1_shipspawn05"
          },
          {
            "squad_members": "t1_shipspawn06"
          },
          {
            "squad_members": "t1_shipspawn07"
          },
          {
            "squad_members": "t1_shipspawn08"
          },
          {
            "squad_members": "t1_shipspawn09"
          },
          {
            "squad_members": "t1_shipspawn10"
          },
          {
            "squad_members": "t1_shipspawn11"
          },
          {
            "squad_members": "t1_shipspawn12"
          },
          {
            "squad_members": "t1_shipspawn13"
          },
          {
            "squad_members": "t1_shipspawn14"
          },
          {
            "squad_members": "t1_shipspawn15"
          },
          {
            "squad_members": "t1_shipspawn16"
          }
        ]
      }
    },
    {
      "area_squad": {
        "name": "nbttl_t1_boat_spawn_02",
        "tm": [
          [0.92417,0.0,0.381982],
          [0.0,1.0,0.0],
          [-0.381982,0.0,0.92417],
          [2369.58,0.0,2485.2]
        ],
        "props": [
          {
            "squad_members": "t1_shipspawn17"
          },
          {
            "squad_members": "t1_shipspawn18"
          },
          {
            "squad_members": "t1_shipspawn19"
          },
          {
            "squad_members": "t1_shipspawn20"
          },
          {
            "squad_members": "t1_shipspawn21"
          },
          {
            "squad_members": "t1_shipspawn22"
          },
          {
            "squad_members": "t1_shipspawn23"
          },
          {
            "squad_members": "t1_shipspawn24"
          },
          {
            "squad_members": "t1_shipspawn25"
          },
          {
            "squad_members": "t1_shipspawn26"
          },
          {
            "squad_members": "t1_shipspawn27"
          },
          {
            "squad_members": "t1_shipspawn28"
          },
          {
            "squad_members": "t1_shipspawn29"
          },
          {
            "squad_members": "t1_shipspawn30"
          },
          {
            "squad_members": "t1_shipspawn31"
          },
          {
            "squad_members": "t1_shipspawn32"
          }
        ]
      }
    },
    {
      "squad": {
        "name": "nbttl_buoy_circles_squad",
        "tm": [
          [-0.752734,0.0,0.658324],
          [0.0,1.0,0.0],
          [-0.658324,0.0,-0.752734],
          [4248.91,300.0,1088.82]
        ],
        "props": [
          {
            "squad_members": "nbttl_buoy_circle_01"
          },
          {
            "squad_members": "nbttl_buoy_circle_02"
          },
          {
            "squad_members": "nbttl_buoy_circle_t1"
          },
          {
            "squad_members": "nbttl_buoy_circle_t2"
          }
        ]
      }
    },
    {
      "ships": {
        "name": "capture_buoy_01_00",
        "tm": [
          [-0.707107,0.0,0.707107],
          [0.0,1.0,0.0],
          [-0.707107,0.0,-0.707107],
          [4258.5,0.0,2679.1]
        ],
        "unit_class": "buoy_a",
        "closed_waypoints": false,
        "isShipSpline": false,
        "shipTurnRadius": 100.0,
        "weapons": "",
        "bullets0": "",
        "bullets1": "",
        "bullets2": "",
        "bullets3": "",
        "bulletsCount0": 0,
        "bulletsCount1": 0,
        "bulletsCount2": 0,
        "bulletsCount3": 0,
        "props": {
          "army": 2,
          "count": 1,
          "formation_type": "rows",
          "formation_div": 3,
          "formation_step": [2.5,2.0],
          "formation_noise": [0.1,0.1],
          "uniqueName": "",
          "attack_type": "fire_at_will"
        },
        "way": []
      }
    },
    {
      "ships": {
        "name": "capture_buoy_01_01",
        "tm": [
          [-0.707107,0.0,0.707107],
          [0.0,1.0,0.0],
          [-0.707107,0.0,-0.707107],
          [4078.0,0.0,2918.72]
        ],
        "unit_class": "buoy_a",
        "objLayer": 1,
        "closed_waypoints": false,
        "isShipSpline": false,
        "shipTurnRadius": 100.0,
        "weapons": "",
        "bullets0": "",
        "bullets1": "",
        "bullets2": "",
        "bullets3": "",
        "bulletsCount0": 0,
        "bulletsCount1": 0,
        "bulletsCount2": 0,
        "bulletsCount3": 0,
        "props": {
          "army": 2,
          "count": 1,
          "formation_type": "rows",
          "formation_div": 3,
          "formation_step": 2.5,
          "formation_noise": 0.1,
          "uniqueName": "",
          "attack_type": "fire_at_will"
        },
        "way": []
      }
    },
    {
      "ships": {
        "name": "capture_buoy_01_02",
        "tm": [
          [-0.707107,0.0,0.707107],
          [0.0,1.0,0.0],
          [-0.707107,0.0,-0.707107],
          [4113.15,0.0,2941.54]
        ],
        "unit_class": "buoy_a",
        "objLayer": 1,
        "closed_waypoints": false,
        "isShipSpline": false,
        "shipTurnRadius": 100.0,
        "weapons": "",
        "bullets0": "",
        "bullets1": "",
        "bullets2": "",
        "bullets3": "",
        "bulletsCount0": 0,
        "bulletsCount1": 0,
        "bulletsCount2": 0,
        "bulletsCount3": 0,
        "props": {
          "army": 2,
          "count": 1,
          "formation_type": "rows",
          "formation_div": 3,
          "formation_step": 2.5,
          "formation_noise": 0.1,
          "uniqueName": "",
          "attack_type": "fire_at_will"
        },
        "way": []
      }
    },
    {
      "ships": {
        "name": "capture_buoy_01_03",
        "tm": [
          [-0.707107,0.0,0.707107],
          [0.0,1.0,0.0],
          [-0.707107,0.0,-0.707107],
          [4151.14,0.0,2959.23]
        ],
        "unit_class": "buoy_a",
        "objLayer": 1,
        "closed_waypoints": false,
        "isShipSpline": false,
        "shipTurnRadius": 100.0,
        "weapons": "",
        "bullets0": "",
        "bullets1": "",
        "bullets2": "",
        "bullets3": "",
        "bulletsCount0": 0,
        "bulletsCount1": 0,
        "bulletsCount2": 0,
        "bulletsCount3": 0,
        "props": {
          "army": 2,
          "count": 1,
          "formation_type": "rows",
          "formation_div": 3,
          "formation_step": 2.5,
          "formation_noise": 0.1,
          "uniqueName": "",
          "attack_type": "fire_at_will"
        },
        "way": []
      }
    },
    {
      "ships": {
        "name": "capture_buoy_01_04",
        "tm": [
          [-0.707107,0.0,0.707107],
          [0.0,1.0,0.0],
          [-0.707107,0.0,-0.707107],
          [4191.23,0.0,2971.46]
        ],
        "unit_class": "buoy_a",
        "objLayer": 1,
        "closed_waypoints": false,
        "isShipSpline": false,
        "shipTurnRadius": 100.0,
        "weapons": "",
        "bullets0": "",
        "bullets1": "",
        "bullets2": "",
        "bullets3": "",
        "bulletsCount0": 0,
        "bulletsCount1": 0,
        "bulletsCount2": 0,
        "bulletsCount3": 0,
        "props": {
          "army": 2,
          "count": 1,
          "formation_type": "rows",
          "formation_div": 3,
          "formation_step": 2.5,
          "formation_noise": 0.1,
          "uniqueName": "",
          "attack_type": "fire_at_will"
        },
        "way": []
      }
    },
    {
      "ships": {
        "name": "capture_buoy_01_05",
        "tm": [
          [-0.707107,0.0,0.707107],
          [0.0,1.0,0.0],
          [-0.707107,0.0,-0.707107],
          [4232.63,0.0,2977.99]
        ],
        "unit_class": "buoy_a",
        "objLayer": 1,
        "closed_waypoints": false,
        "isShipSpline": false,
        "shipTurnRadius": 100.0,
        "weapons": "",
        "bullets0": "",
        "bullets1": "",
        "bullets2": "",
        "bullets3": "",
        "bulletsCount0": 0,
        "bulletsCount1": 0,
        "bulletsCount2": 0,
        "bulletsCount3": 0,
        "props": {
          "army": 2,
          "count": 1,
          "formation_type": "rows",
          "formation_div": 3,
          "formation_step": 2.5,
          "formation_noise": 0.1,
          "uniqueName": "",
          "attack_type": "fire_at_will"
        },
        "way": []
      }
    },
    {
      "ships": {
        "name": "capture_buoy_01_06",
        "tm": [
          [-0.707107,0.0,0.707107],
          [0.0,1.0,0.0],
          [-0.707107,0.0,-0.707107],
          [4274.53,0.0,2978.67]
        ],
        "unit_class": "buoy_a",
        "objLayer": 1,
        "closed_waypoints": false,
        "isShipSpline": false,
        "shipTurnRadius": 100.0,
        "weapons": "",
        "bullets0": "",
        "bullets1": "",
        "bullets2": "",
        "bullets3": "",
        "bulletsCount0": 0,
        "bulletsCount1": 0,
        "bulletsCount2": 0,
        "bulletsCount3": 0,
        "props": {
          "army": 2,
          "count": 1,
          "formation_type": "rows",
          "formation_div": 3,
          "formation_step": 2.5,
          "formation_noise": 0.1,
          "uniqueName": "",
          "attack_type": "fire_at_will"
        },
        "way": []
      }
    },
    {
      "ships": {
        "name": "capture_buoy_01_07",
        "tm": [
          [-0.707107,0.0,0.707107],
          [0.0,1.0,0.0],
          [-0.707107,0.0,-0.707107],
          [4316.12,0.0,2973.52]
        ],
        "unit_class": "buoy_a",
        "objLayer": 1,
        "closed_waypoints": false,
        "isShipSpline": false,
        "shipTurnRadius": 100.0,
        "weapons": "",
        "bullets0": "",
        "bullets1": "",
        "bullets2": "",
        "bullets3": "",
        "bulletsCount0": 0,
        "bulletsCount1": 0,
        "bulletsCount2": 0,
        "bulletsCount3": 0,
        "props": {
          "army": 2,
          "count": 1,
          "formation_type": "rows",
          "formation_div": 3,
          "formation_step": 2.5,
          "formation_noise": 0.1,
          "uniqueName": "",
          "attack_type": "fire_at_will"
        },
        "way": []
      }
    },
    {
      "ships": {
        "name": "capture_buoy_01_08",
        "tm": [
          [-0.707107,0.0,0.707107],
          [0.0,1.0,0.0],
          [-0.707107,0.0,-0.707107],
          [4356.58,0.0,2962.61]
        ],
        "unit_class": "buoy_a",
        "objLayer": 1,
        "closed_waypoints": false,
        "isShipSpline": false,
        "shipTurnRadius": 100.0,
        "weapons": "",
        "bullets0": "",
        "bullets1": "",
        "bullets2": "",
        "bullets3": "",
        "bulletsCount0": 0,
        "bulletsCount1": 0,
        "bulletsCount2": 0,
        "bulletsCount3": 0,
        "props": {
          "army": 2,
          "count": 1,
          "formation_type": "rows",
          "formation_div": 3,
          "formation_step": 2.5,
          "formation_noise": 0.1,
          "uniqueName": "",
          "attack_type": "fire_at_will"
        },
        "way": []
      }
    },
    {
      "ships": {
        "name": "capture_buoy_01_09",
        "tm": [
          [-0.707107,0.0,0.707107],
          [0.0,1.0,0.0],
          [-0.707107,0.0,-0.707107],
          [4395.13,0.0,2946.18]
        ],
        "unit_class": "buoy_a",
        "objLayer": 1,
        "closed_waypoints": false,
        "isShipSpline": false,
        "shipTurnRadius": 100.0,
        "weapons": "",
        "bullets0": "",
        "bullets1": "",
        "bullets2": "",
        "bullets3": "",
        "bulletsCount0": 0,
        "bulletsCount1": 0,
        "bulletsCount2": 0,
        "bulletsCount3": 0,
        "props": {
          "army": 2,
          "count": 1,
          "formation_type": "rows",
          "formation_div": 3,
          "formation_step": 2.5,
          "formation_noise": 0.1,
          "uniqueName": "",
          "attack_type": "fire_at_will"
        },
        "way": []
      }
    },
    {
      "ships": {
        "name": "capture_buoy_01_10",
        "tm": [
          [-0.707107,0.0,0.707107],
          [0.0,1.0,0.0],
          [-0.707107,0.0,-0.707107],
          [4431.03,0.0,2924.53]
        ],
        "unit_class": "buoy_a",
        "objLayer": 1,
        "closed_waypoints": false,
        "isShipSpline": false,
        "shipTurnRadius": 100.0,
        "weapons": "",
        "bullets0": "",
        "bullets1": "",
        "bullets2": "",
        "bullets3": "",
        "bulletsCount0": 0,
        "bulletsCount1": 0,
        "bulletsCount2": 0,
        "bulletsCount3": 0,
        "props": {
          "army": 2,
          "count": 1,
          "formation_type": "rows",
          "formation_div": 3,
          "formation_step": 2.5,
          "formation_noise": 0.1,
          "uniqueName": "",
          "attack_type": "fire_at_will"
        },
        "way": []
      }
    },
    {
      "ships": {
        "name": "capture_buoy_01_11",
        "tm": [
          [-0.707107,0.0,0.707107],
          [0.0,1.0,0.0],
          [-0.707107,0.0,-0.707107],
          [4463.54,0.0,2898.1]
        ],
        "unit_class": "buoy_a",
        "objLayer": 1,
        "closed_waypoints": false,
        "isShipSpline": false,
        "shipTurnRadius": 100.0,
        "weapons": "",
        "bullets0": "",
        "bullets1": "",
        "bullets2": "",
        "bullets3": "",
        "bulletsCount0": 0,
        "bulletsCount1": 0,
        "bulletsCount2": 0,
        "bulletsCount3": 0,
        "props": {
          "army": 2,
          "count": 1,
          "formation_type": "rows",
          "formation_div": 3,
          "formation_step": 2.5,
          "formation_noise": 0.1,
          "uniqueName": "",
          "attack_type": "fire_at_will"
        },
        "way": []
      }
    },
    {
      "ships": {
        "name": "capture_buoy_01_12",
        "tm": [
          [-0.707107,0.0,0.707107],
          [0.0,1.0,0.0],
          [-0.707107,0.0,-0.707107],
          [4492.06,0.0,2867.39]
        ],
        "unit_class": "buoy_a",
        "objLayer": 1,
        "closed_waypoints": false,
        "isShipSpline": false,
        "shipTurnRadius": 100.0,
        "weapons": "",
        "bullets0": "",
        "bullets1": "",
        "bullets2": "",
        "bullets3": "",
        "bulletsCount0": 0,
        "bulletsCount1": 0,
        "bulletsCount2": 0,
        "bulletsCount3": 0,
        "props": {
          "army": 2,
          "count": 1,
          "formation_type": "rows",
          "formation_div": 3,
          "formation_step": 2.5,
          "formation_noise": 0.1,
          "uniqueName": "",
          "attack_type": "fire_at_will"
        },
        "way": []
      }
    },
    {
      "ships": {
        "name": "capture_buoy_01_13",
        "tm": [
          [-0.707107,0.0,0.707107],
          [0.0,1.0,0.0],
          [-0.707107,0.0,-0.707107],
          [4516.02,0.0,2833.0]
        ],
        "unit_class": "buoy_a",
        "objLayer": 1,
        "closed_waypoints": false,
        "isShipSpline": false,
        "shipTurnRadius": 100.0,
        "weapons": "",
        "bullets0": "",
        "bullets1": "",
        "bullets2": "",
        "bullets3": "",
        "bulletsCount0": 0,
        "bulletsCount1": 0,
        "bulletsCount2": 0,
        "bulletsCount3": 0,
        "props": {
          "army": 2,
          "count": 1,
          "formation_type": "rows",
          "formation_div": 3,
          "formation_step": 2.5,
          "formation_noise": 0.1,
          "uniqueName": "",
          "attack_type": "fire_at_will"
        },
        "way": []
      }
    },
    {
      "ships": {
        "name": "capture_buoy_01_14",
        "tm": [
          [-0.707107,0.0,0.707107],
          [0.0,1.0,0.0],
          [-0.707107,0.0,-0.707107],
          [4534.95,0.0,2795.62]
        ],
        "unit_class": "buoy_a",
        "objLayer": 1,
        "closed_waypoints": false,
        "isShipSpline": false,
        "shipTurnRadius": 100.0,
        "weapons": "",
        "bullets0": "",
        "bullets1": "",
        "bullets2": "",
        "bullets3": "",
        "bulletsCount0": 0,
        "bulletsCount1": 0,
        "bulletsCount2": 0,
        "bulletsCount3": 0,
        "props": {
          "army": 2,
          "count": 1,
          "formation_type": "rows",
          "formation_div": 3,
          "formation_step": 2.5,
          "formation_noise": 0.1,
          "uniqueName": "",
          "attack_type": "fire_at_will"
        },
        "way": []
      }
    },
    {
      "ships": {
        "name": "capture_buoy_01_15",
        "tm": [
          [-0.707107,0.0,0.707107],
          [0.0,1.0,0.0],
          [-0.707107,0.0,-0.707107],
          [4548.49,0.0,2755.96]
        ],
        "unit_class": "buoy_a",
        "objLayer": 1,
        "closed_waypoints": false,
        "isShipSpline": false,
        "shipTurnRadius": 100.0,
        "weapons": "",
        "bullets0": "",
        "bullets1": "",
        "bullets2": "",
        "bullets3": "",
        "bulletsCount0": 0,
        "bulletsCount1": 0,
        "bulletsCount2": 0,
        "bulletsCount3": 0,
        "props": {
          "army": 2,
          "count": 1,
          "formation_type": "rows",
          "formation_div": 3,
          "formation_step": 2.5,
          "formation_noise": 0.1,
          "uniqueName": "",
          "attack_type": "fire_at_will"
        },
        "way": []
      }
    },
    {
      "ships": {
        "name": "capture_buoy_01_16",
        "tm": [
          [-0.707107,0.0,0.707107],
          [0.0,1.0,0.0],
          [-0.707107,0.0,-0.707107],
          [4556.37,0.0,2714.79]
        ],
        "unit_class": "buoy_a",
        "objLayer": 1,
        "closed_waypoints": false,
        "isShipSpline": false,
        "shipTurnRadius": 100.0,
        "weapons": "",
        "bullets0": "",
        "bullets1": "",
        "bullets2": "",
        "bullets3": "",
        "bulletsCount0": 0,
        "bulletsCount1": 0,
        "bulletsCount2": 0,
        "bulletsCount3": 0,
        "props": {
          "army": 2,
          "count": 1,
          "formation_type": "rows",
          "formation_div": 3,
          "formation_step": 2.5,
          "formation_noise": 0.1,
          "uniqueName": "",
          "attack_type": "fire_at_will"
        },
        "way": []
      }
    },
    {
      "ships": {
        "name": "capture_buoy_01_17",
        "tm": [
          [-0.707107,0.0,0.707107],
          [0.0,1.0,0.0],
          [-0.707107,0.0,-0.707107],
          [4558.44,0.0,2672.94]
        ],
        "unit_class": "buoy_a",
        "objLayer": 1,
        "closed_waypoints": false,
        "isShipSpline": false,
        "shipTurnRadius": 100.0,
        "weapons": "",
        "bullets0": "",
        "bullets1": "",
        "bullets2": "",
        "bullets3": "",
        "bulletsCount0": 0,
        "bulletsCount1": 0,
        "bulletsCount2": 0,
        "bulletsCount3": 0,
        "props": {
          "army": 2,
          "count": 1,
          "formation_type": "rows",
          "formation_div": 3,
          "formation_step": 2.5,
          "formation_noise": 0.1,
          "uniqueName": "",
          "attack_type": "fire_at_will"
        },
        "way": []
      }
    },
    {
      "ships": {
        "name": "capture_buoy_01_18",
        "tm": [
          [-0.707107,0.0,0.707107],
          [0.0,1.0,0.0],
          [-0.707107,0.0,-0.707107],
          [4554.65,0.0,2631.2]
        ],
        "unit_class": "buoy_a",
        "objLayer": 1,
        "closed_waypoints": false,
        "isShipSpline": false,
        "shipTurnRadius": 100.0,
        "weapons": "",
        "bullets0": "",
        "bullets1": "",
        "bullets2": "",
        "bullets3": "",
        "bulletsCount0": 0,
        "bulletsCount1": 0,
        "bulletsCount2": 0,
        "bulletsCount3": 0,
        "props": {
          "army": 2,
          "count": 1,
          "formation_type": "rows",
          "formation_div": 3,
          "formation_step": 2.5,
          "formation_noise": 0.1,
          "uniqueName": "",
          "attack_type": "fire_at_will"
        },
        "way": []
      }
    },
    {
      "ships": {
        "name": "capture_buoy_01_19",
        "tm": [
          [-0.707107,0.0,0.707107],
          [0.0,1.0,0.0],
          [-0.707107,0.0,-0.707107],
          [4545.08,0.0,2590.39]
        ],
        "unit_class": "buoy_a",
        "objLayer": 1,
        "closed_waypoints": false,
        "isShipSpline": false,
        "shipTurnRadius": 100.0,
        "weapons": "",
        "bullets0": "",
        "bullets1": "",
        "bullets2": "",
        "bullets3": "",
        "bulletsCount0": 0,
        "bulletsCount1": 0,
        "bulletsCount2": 0,
        "bulletsCount3": 0,
        "props": {
          "army": 2,
          "count": 1,
          "formation_type": "rows",
          "formation_div": 3,
          "formation_step": 2.5,
          "formation_noise": 0.1,
          "uniqueName": "",
          "attack_type": "fire_at_will"
        },
        "way": []
      }
    },
    {
      "ships": {
        "name": "capture_buoy_01_20",
        "tm": [
          [-0.707107,0.0,0.707107],
          [0.0,1.0,0.0],
          [-0.707107,0.0,-0.707107],
          [4529.93,0.0,2551.33]
        ],
        "unit_class": "buoy_a",
        "objLayer": 1,
        "closed_waypoints": false,
        "isShipSpline": false,
        "shipTurnRadius": 100.0,
        "weapons": "",
        "bullets0": "",
        "bullets1": "",
        "bullets2": "",
        "bullets3": "",
        "bulletsCount0": 0,
        "bulletsCount1": 0,
        "bulletsCount2": 0,
        "bulletsCount3": 0,
        "props": {
          "army": 2,
          "count": 1,
          "formation_type": "rows",
          "formation_div": 3,
          "formation_step": 2.5,
          "formation_noise": 0.1,
          "uniqueName": "",
          "attack_type": "fire_at_will"
        },
        "way": []
      }
    },
    {
      "ships": {
        "name": "capture_buoy_01_21",
        "tm": [
          [-0.707107,0.0,0.707107],
          [0.0,1.0,0.0],
          [-0.707107,0.0,-0.707107],
          [4509.47,0.0,2514.75]
        ],
        "unit_class": "buoy_a",
        "objLayer": 1,
        "closed_waypoints": false,
        "isShipSpline": false,
        "shipTurnRadius": 100.0,
        "weapons": "",
        "bullets0": "",
        "bullets1": "",
        "bullets2": "",
        "bullets3": "",
        "bulletsCount0": 0,
        "bulletsCount1": 0,
        "bulletsCount2": 0,
        "bulletsCount3": 0,
        "props": {
          "army": 2,
          "count": 1,
          "formation_type": "rows",
          "formation_div": 3,
          "formation_step": 2.5,
          "formation_noise": 0.1,
          "uniqueName": "",
          "attack_type": "fire_at_will"
        },
        "way": []
      }
    },
    {
      "ships": {
        "name": "capture_buoy_01_22",
        "tm": [
          [-0.707107,0.0,0.707107],
          [0.0,1.0,0.0],
          [-0.707107,0.0,-0.707107],
          [4484.12,0.0,2481.38]
        ],
        "unit_class": "buoy_a",
        "objLayer": 1,
        "closed_waypoints": false,
        "isShipSpline": false,
        "shipTurnRadius": 100.0,
        "weapons": "",
        "bullets0": "",
        "bullets1": "",
        "bullets2": "",
        "bullets3": "",
        "bulletsCount0": 0,
        "bulletsCount1": 0,
        "bulletsCount2": 0,
        "bulletsCount3": 0,
        "props": {
          "army": 2,
          "count": 1,
          "formation_type": "rows",
          "formation_div": 3,
          "formation_step": 2.5,
          "formation_noise": 0.1,
          "uniqueName": "",
          "attack_type": "fire_at_will"
        },
        "way": []
      }
    },
    {
      "ships": {
        "name": "capture_buoy_01_23",
        "tm": [
          [-0.707107,0.0,0.707107],
          [0.0,1.0,0.0],
          [-0.707107,0.0,-0.707107],
          [4454.37,0.0,2451.87]
        ],
        "unit_class": "buoy_a",
        "objLayer": 1,
        "closed_waypoints": false,
        "isShipSpline": false,
        "shipTurnRadius": 100.0,
        "weapons": "",
        "bullets0": "",
        "bullets1": "",
        "bullets2": "",
        "bullets3": "",
        "bulletsCount0": 0,
        "bulletsCount1": 0,
        "bulletsCount2": 0,
        "bulletsCount3": 0,
        "props": {
          "army": 2,
          "count": 1,
          "formation_type": "rows",
          "formation_div": 3,
          "formation_step": 2.5,
          "formation_noise": 0.1,
          "uniqueName": "",
          "attack_type": "fire_at_will"
        },
        "way": []
      }
    },
    {
      "ships": {
        "name": "capture_buoy_01_24",
        "tm": [
          [-0.707107,0.0,0.707107],
          [0.0,1.0,0.0],
          [-0.707107,0.0,-0.707107],
          [4420.78,0.0,2426.79]
        ],
        "unit_class": "buoy_a",
        "objLayer": 1,
        "closed_waypoints": false,
        "isShipSpline": false,
        "shipTurnRadius": 100.0,
        "weapons": "",
        "bullets0": "",
        "bullets1": "",
        "bullets2": "",
        "bullets3": "",
        "bulletsCount0": 0,
        "bulletsCount1": 0,
        "bulletsCount2": 0,
        "bulletsCount3": 0,
        "props": {
          "army": 2,
          "count": 1,
          "formation_type": "rows",
          "formation_div": 3,
          "formation_step": 2.5,
          "formation_noise": 0.1,
          "uniqueName": "",
          "attack_type": "fire_at_will"
        },
        "way": []
      }
    },
    {
      "ships": {
        "name": "capture_buoy_01_25",
        "tm": [
          [-0.707107,0.0,0.707107],
          [0.0,1.0,0.0],
          [-0.707107,0.0,-0.707107],
          [4384.04,0.0,2406.63]
        ],
        "unit_class": "buoy_a",
        "objLayer": 1,
        "closed_waypoints": false,
        "isShipSpline": false,
        "shipTurnRadius": 100.0,
        "weapons": "",
        "bullets0": "",
        "bullets1": "",
        "bullets2": "",
        "bullets3": "",
        "bulletsCount0": 0,
        "bulletsCount1": 0,
        "bulletsCount2": 0,
        "bulletsCount3": 0,
        "props": {
          "army": 2,
          "count": 1,
          "formation_type": "rows",
          "formation_div": 3,
          "formation_step": 2.5,
          "formation_noise": 0.1,
          "uniqueName": "",
          "attack_type": "fire_at_will"
        },
        "way": []
      }
    },
    {
      "ships": {
        "name": "capture_buoy_01_26",
        "tm": [
          [-0.707107,0.0,0.707107],
          [0.0,1.0,0.0],
          [-0.707107,0.0,-0.707107],
          [4344.85,0.0,2391.79]
        ],
        "unit_class": "buoy_a",
        "objLayer": 1,
        "closed_waypoints": false,
        "isShipSpline": false,
        "shipTurnRadius": 100.0,
        "weapons": "",
        "bullets0": "",
        "bullets1": "",
        "bullets2": "",
        "bullets3": "",
        "bulletsCount0": 0,
        "bulletsCount1": 0,
        "bulletsCount2": 0,
        "bulletsCount3": 0,
        "props": {
          "army": 2,
          "count": 1,
          "formation_type": "rows",
          "formation_div": 3,
          "formation_step": 2.5,
          "formation_noise": 0.1,
          "uniqueName": "",
          "attack_type": "fire_at_will"
        },
        "way": []
      }
    },
    {
      "ships": {
        "name": "capture_buoy_01_27",
        "tm": [
          [-0.707107,0.0,0.707107],
          [0.0,1.0,0.0],
          [-0.707107,0.0,-0.707107],
          [4303.97,0.0,2382.57]
        ],
        "unit_class": "buoy_a",
        "objLayer": 1,
        "closed_waypoints": false,
        "isShipSpline": false,
        "shipTurnRadius": 100.0,
        "weapons": "",
        "bullets0": "",
        "bullets1": "",
        "bullets2": "",
        "bullets3": "",
        "bulletsCount0": 0,
        "bulletsCount1": 0,
        "bulletsCount2": 0,
        "bulletsCount3": 0,
        "props": {
          "army": 2,
          "count": 1,
          "formation_type": "rows",
          "formation_div": 3,
          "formation_step": 2.5,
          "formation_noise": 0.1,
          "uniqueName": "",
          "attack_type": "fire_at_will"
        },
        "way": []
      }
    },
    {
      "ships": {
        "name": "capture_buoy_01_28",
        "tm": [
          [-0.707107,0.0,0.707107],
          [0.0,1.0,0.0],
          [-0.707107,0.0,-0.707107],
          [4262.2,0.0,2379.13]
        ],
        "unit_class": "buoy_a",
        "objLayer": 1,
        "closed_waypoints": false,
        "isShipSpline": false,
        "shipTurnRadius": 100.0,
        "weapons": "",
        "bullets0": "",
        "bullets1": "",
        "bullets2": "",
        "bullets3": "",
        "bulletsCount0": 0,
        "bulletsCount1": 0,
        "bulletsCount2": 0,
        "bulletsCount3": 0,
        "props": {
          "army": 2,
          "count": 1,
          "formation_type": "rows",
          "formation_div": 3,
          "formation_step": 2.5,
          "formation_noise": 0.1,
          "uniqueName": "",
          "attack_type": "fire_at_will"
        },
        "way": []
      }
    },
    {
      "ships": {
        "name": "capture_buoy_01_29",
        "tm": [
          [-0.707107,0.0,0.707107],
          [0.0,1.0,0.0],
          [-0.707107,0.0,-0.707107],
          [4220.36,0.0,2381.54]
        ],
        "unit_class": "buoy_a",
        "objLayer": 1,
        "closed_waypoints": false,
        "isShipSpline": false,
        "shipTurnRadius": 100.0,
        "weapons": "",
        "bullets0": "",
        "bullets1": "",
        "bullets2": "",
        "bullets3": "",
        "bulletsCount0": 0,
        "bulletsCount1": 0,
        "bulletsCount2": 0,
        "bulletsCount3": 0,
        "props": {
          "army": 2,
          "count": 1,
          "formation_type": "rows",
          "formation_div": 3,
          "formation_step": 2.5,
          "formation_noise": 0.1,
          "uniqueName": "",
          "attack_type": "fire_at_will"
        },
        "way": []
      }
    },
    {
      "ships": {
        "name": "capture_buoy_01_30",
        "tm": [
          [-0.707107,0.0,0.707107],
          [0.0,1.0,0.0],
          [-0.707107,0.0,-0.707107],
          [4179.27,0.0,2389.76]
        ],
        "unit_class": "buoy_a",
        "objLayer": 1,
        "closed_waypoints": false,
        "isShipSpline": false,
        "shipTurnRadius": 100.0,
        "weapons": "",
        "bullets0": "",
        "bullets1": "",
        "bullets2": "",
        "bullets3": "",
        "bulletsCount0": 0,
        "bulletsCount1": 0,
        "bulletsCount2": 0,
        "bulletsCount3": 0,
        "props": {
          "army": 2,
          "count": 1,
          "formation_type": "rows",
          "formation_div": 3,
          "formation_step": 2.5,
          "formation_noise": 0.1,
          "uniqueName": "",
          "attack_type": "fire_at_will"
        },
        "way": []
      }
    },
    {
      "ships": {
        "name": "capture_buoy_01_31",
        "tm": [
          [-0.707107,0.0,0.707107],
          [0.0,1.0,0.0],
          [-0.707107,0.0,-0.707107],
          [4139.72,0.0,2403.62]
        ],
        "unit_class": "buoy_a",
        "objLayer": 1,
        "closed_waypoints": false,
        "isShipSpline": false,
        "shipTurnRadius": 100.0,
        "weapons": "",
        "bullets0": "",
        "bullets1": "",
        "bullets2": "",
        "bullets3": "",
        "bulletsCount0": 0,
        "bulletsCount1": 0,
        "bulletsCount2": 0,
        "bulletsCount3": 0,
        "props": {
          "army": 2,
          "count": 1,
          "formation_type": "rows",
          "formation_div": 3,
          "formation_step": 2.5,
          "formation_noise": 0.1,
          "uniqueName": "",
          "attack_type": "fire_at_will"
        },
        "way": []
      }
    },
    {
      "ships": {
        "name": "capture_buoy_01_32",
        "tm": [
          [-0.707107,0.0,0.707107],
          [0.0,1.0,0.0],
          [-0.707107,0.0,-0.707107],
          [4102.49,0.0,2422.86]
        ],
        "unit_class": "buoy_a",
        "objLayer": 1,
        "closed_waypoints": false,
        "isShipSpline": false,
        "shipTurnRadius": 100.0,
        "weapons": "",
        "bullets0": "",
        "bullets1": "",
        "bullets2": "",
        "bullets3": "",
        "bulletsCount0": 0,
        "bulletsCount1": 0,
        "bulletsCount2": 0,
        "bulletsCount3": 0,
        "props": {
          "army": 2,
          "count": 1,
          "formation_type": "rows",
          "formation_div": 3,
          "formation_step": 2.5,
          "formation_noise": 0.1,
          "uniqueName": "",
          "attack_type": "fire_at_will"
        },
        "way": []
      }
    },
    {
      "ships": {
        "name": "capture_buoy_01_33",
        "tm": [
          [-0.707107,0.0,0.707107],
          [0.0,1.0,0.0],
          [-0.707107,0.0,-0.707107],
          [4068.3,0.0,2447.1]
        ],
        "unit_class": "buoy_a",
        "objLayer": 1,
        "closed_waypoints": false,
        "isShipSpline": false,
        "shipTurnRadius": 100.0,
        "weapons": "",
        "bullets0": "",
        "bullets1": "",
        "bullets2": "",
        "bullets3": "",
        "bulletsCount0": 0,
        "bulletsCount1": 0,
        "bulletsCount2": 0,
        "bulletsCount3": 0,
        "props": {
          "army": 2,
          "count": 1,
          "formation_type": "rows",
          "formation_div": 3,
          "formation_step": 2.5,
          "formation_noise": 0.1,
          "uniqueName": "",
          "attack_type": "fire_at_will"
        },
        "way": []
      }
    },
    {
      "ships": {
        "name": "capture_buoy_01_34",
        "tm": [
          [-0.707107,0.0,0.707107],
          [0.0,1.0,0.0],
          [-0.707107,0.0,-0.707107],
          [4037.83,0.0,2475.87]
        ],
        "unit_class": "buoy_a",
        "objLayer": 1,
        "closed_waypoints": false,
        "isShipSpline": false,
        "shipTurnRadius": 100.0,
        "weapons": "",
        "bullets0": "",
        "bullets1": "",
        "bullets2": "",
        "bullets3": "",
        "bulletsCount0": 0,
        "bulletsCount1": 0,
        "bulletsCount2": 0,
        "bulletsCount3": 0,
        "props": {
          "army": 2,
          "count": 1,
          "formation_type": "rows",
          "formation_div": 3,
          "formation_step": 2.5,
          "formation_noise": 0.1,
          "uniqueName": "",
          "attack_type": "fire_at_will"
        },
        "way": []
      }
    },
    {
      "ships": {
        "name": "capture_buoy_01_35",
        "tm": [
          [-0.707107,0.0,0.707107],
          [0.0,1.0,0.0],
          [-0.707107,0.0,-0.707107],
          [4011.66,0.0,2508.6]
        ],
        "unit_class": "buoy_a",
        "objLayer": 1,
