{
  "selected_tag": "",
  "bin_dump_file": "",
  "mission_settings": {
    "atmosphere": {
      "pressure": 760.0,
      "temperature": 15.0
    },
    "spectator_points": [],
    "cover_points": [],
    "aiParams": {
      "aiEffectivenessViscosity": 90.0,
      "effectivenessDistances": [2500.0,7000.0]
    },
    "player": {
      "army": 1
    },
    "player_teamB": {
      "army": 2
    },
    "mission": {
      "name": "untitled",
      "type": "singleMission",
      "level": "levels/water.bin",
      "campaign": "UserMissions",
      "restoreType": "attempts",
      "optionalTakeOff": false,
      "missionDebriefing": "",
      "missionBriefing": "",
      "environment": "Day",
      "weather": "hazy",
      "missionType": {
        "_Dom": false,
        "_Conq": false,
        "_CnvA": false,
        "_CnvB": false,
        "_ArtDA": false,
        "_ArtDB": false,
        "_Bttl": false,
        "_DBttlA": false,
        "_DBttlB": false,
        "_Bto": false,
        "_Flc": false,
        "_v1_race_straight": false,
        "_v1_race_inverted": false,
        "_v2_race_straight": false,
        "_v2_race_inverted": false,
        "_Conq1": false,
        "_Conq2": false,
        "_Conq3": false,
        "_Conq4": false,
        "_Conq5": false,
        "_Conq6": false
      },
      "tags": []
    },
    "missions_include": {
      "mission": {
        "filename": ""
      }
    }
  },
  "imports": [],
  "triggers": {
    "isCategory": true,
    "is_enabled": true
  },
  "mission_objectives": {
    "isCategory": true,
    "is_enabled": true
  },
  "variables": [],
  "dialogs": [],
  "airfields": [],
  "effects": [],
  "units": [
    {
      "area_squad": {
        "name": "nbttl_t2_boat_spawn_01",
        "tm": [
          [0.707107,0.0,0.707107],
          [0.0,1.0,0.0],
          [-0.707107,0.0,0.707107],
          [4314.26,0.0,696.929]
        ],
        "props": [
          {
            "squad_members": "t2_shipspawn01"
          },
          {
            "squad_members": "t2_shipspawn02"
          },
          {
            "squad_members": "t2_shipspawn03"
          },
          {
            "squad_members": "t2_shipspawn04"
          },
          {
            "squad_members": "t2_shipspawn05"
          },
          {
            "squad_members": "t2_shipspawn06"
          },
          {
            "squad_members": "t2_shipspawn07"
          },
          {
            "squad_members": "t2_shipspawn08"
          },
          {
            "squad_members": "t2_shipspawn09"
          },
          {
            "squad_members": "t2_shipspawn10"
          },
          {
            "squad_members": "t2_shipspawn11"
          },
          {
            "squad_members": "t2_shipspawn12"
          },
          {
            "squad_members": "t2_shipspawn13"
          },
          {
            "squad_members": "t2_shipspawn14"
          },
          {
            "squad_members": "t2_shipspawn15"
          },
          {
            "squad_members": "t2_shipspawn16"
          }
        ]
      }
    },
    {
      "area_squad": {
        "name": "nbttl_t2_boat_spawn_02",
        "tm": [
          [0.774881,0.0,0.632107],
          [0.0,1.0,0.0],
          [-0.632107,0.0,0.774881],
          [4006.86,0.000488281,3580.11]
        ],
        "props": [
          {
            "squad_members": "t2_shipspawn17"
          },
          {
            "squad_members": "t2_shipspawn18"
          },
          {
            "squad_members": "t2_shipspawn19"
          },
          {
            "squad_members": "t2_shipspawn20"
          },
          {
            "squad_members": "t2_shipspawn21"
          },
          {
            "squad_members": "t2_shipspawn22"
          },
          {
            "squad_members": "t2_shipspawn23"
          },
          {
            "squad_members": "t2_shipspawn24"
          },
          {
            "squad_members": "t2_shipspawn25"
          },
          {
            "squad_members": "t2_shipspawn26"
          },
          {
            "squad_members": "t2_shipspawn27"
          },
          {
            "squad_members": "t2_shipspawn28"
          },
          {
            "squad_members": "t2_shipspawn29"
          },
          {
            "squad_members": "t2_shipspawn30"
          },
          {
            "squad_members": "t2_shipspawn31"
          },
          {
            "squad_members": "t2_shipspawn32"
          }
        ]
      }
    },
    {
      "area_squad": {
        "name": "nbttl_t1_boat_spawn_01",
        "tm": [
          [0.707107,0.0,0.707107],
          [0.0,1.0,0.0],
          [-0.707107,0.0,0.707107],
          [-30.24,0.0,3748.13]
        ],
        "props": [
          {
            "squad_members": "t1_shipspawn01"
          },
          {
            "squad_members": "t1_shipspawn02"
          },
          {
            "squad_members": "t1_shipspawn03"
          },
          {
            "squad_members": "t1_shipspawn04"
          },
          {
            "squad_members": "t1_shipspawn05"
          },
          {
            "squad_members": "t1_shipspawn06"
          },
          {
            "squad_members": "t1_shipspawn07"
          },
          {
            "squad_members": "t1_shipspawn08"
          },
          {
            "squad_members": "t1_shipspawn09"
          },
          {
            "squad_members": "t1_shipspawn10"
          },
          {
            "squad_members": "t1_shipspawn11"
          },
          {
            "squad_members": "t1_shipspawn12"
          },
          {
            "squad_members": "t1_shipspawn13"
          },
          {
            "squad_members": "t1_shipspawn14"
          },
          {
            "squad_members": "t1_shipspawn15"
          },
          {
            "squad_members": "t1_shipspawn16"
          }
        ]
      }
    },
    {
      "area_squad": {
        "name": "nbttl_t1_boat_spawn_02",
        "tm": [
          [0.92417,0.0,0.381982],
          [0.0,1.0,0.0],
          [-0.381982,0.0,0.92417],
          [73.1802,0.0,670.1]
        ],
        "props": [
          {
            "squad_members": "t1_shipspawn17"
          },
          {
            "squad_members": "t1_shipspawn18"
          },
          {
            "squad_members": "t1_shipspawn19"
          },
          {
            "squad_members": "t1_shipspawn20"
          },
          {
            "squad_members": "t1_shipspawn21"
          },
          {
            "squad_members": "t1_shipspawn22"
          },
          {
            "squad_members": "t1_shipspawn23"
          },
          {
            "squad_members": "t1_shipspawn24"
          },
          {
            "squad_members": "t1_shipspawn25"
          },
          {
            "squad_members": "t1_shipspawn26"
          },
          {
            "squad_members": "t1_shipspawn27"
          },
          {
            "squad_members": "t1_shipspawn28"
          },
          {
            "squad_members": "t1_shipspawn29"
          },
          {
            "squad_members": "t1_shipspawn30"
          },
          {
            "squad_members": "t1_shipspawn31"
          },
          {
            "squad_members": "t1_shipspawn32"
          }
        ]
      }
    },
    {
      "squad": {
        "name": "nbttl_buoy_circles_squad",
        "tm": [
          [-0.752734,0.0,0.658324],
          [0.0,1.0,0.0],
          [-0.658324,0.0,-0.752734],
          [1952.51,300.0,-726.28]
        ],
        "props": [
          {
            "squad_members": "nbttl_buoy_circle_01"
          },
          {
            "squad_members": "nbttl_buoy_circle_02"
          },
          {
            "squad_members": "nbttl_buoy_circle_t1"
          },
          {
            "squad_members": "nbttl_buoy_circle_t2"
          }
        ]
      }
    },
    {
      "ships": {
        "name": "capture_buoy_01_00",
        "tm": [
          [-0.707107,0.0,0.707107],
          [0.0,1.0,0.0],
          [-0.707107,0.0,-0.707107],
          [1962.1,0.0,864.0]
        ],
        "unit_class": "buoy_a",
        "closed_waypoints": false,
        "isShipSpline": false,
        "shipTurnRadius": 100.0,
        "weapons": "",
        "bullets0": "",
        "bullets1": "",
        "bullets2": "",
        "bullets3": "",
        "bulletsCount0": 0,
        "bulletsCount1": 0,
        "bulletsCount2": 0,
        "bulletsCount3": 0,
        "props": {
          "army": 2,
          "count": 1,
          "formation_type": "rows",
          "formation_div": 3,
          "formation_step": [2.5,2.0],
          "formation_noise": [0.1,0.1],
          "uniqueName": "",
          "attack_type": "fire_at_will"
        },
        "way": []
      }
    },
    {
      "ships": {
        "name": "capture_buoy_01_01",
        "tm": [
          [-0.707107,0.0,0.707107],
          [0.0,1.0,0.0],
          [-0.707107,0.0,-0.707107],
          [1781.6,0.0,1103.62]
        ],
        "unit_class": "buoy_a",
        "objLayer": 1,
        "closed_waypoints": false,
        "isShipSpline": false,
        "shipTurnRadius": 100.0,
        "weapons": "",
        "bullets0": "",
        "bullets1": "",
        "bullets2": "",
        "bullets3": "",
        "bulletsCount0": 0,
        "bulletsCount1": 0,
        "bulletsCount2": 0,
        "bulletsCount3": 0,
        "props": {
          "army": 2,
          "count": 1,
          "formation_type": "rows",
          "formation_div": 3,
          "formation_step": 2.5,
          "formation_noise": 0.1,
          "uniqueName": "",
          "attack_type": "fire_at_will"
        },
        "way": []
      }
    },
    {
      "ships": {
        "name": "capture_buoy_01_02",
        "tm": [
          [-0.707107,0.0,0.707107],
          [0.0,1.0,0.0],
          [-0.707107,0.0,-0.707107],
          [1816.75,0.0,1126.44]
        ],
        "unit_class": "buoy_a",
        "objLayer": 1,
        "closed_waypoints": false,
        "isShipSpline": false,
        "shipTurnRadius": 100.0,
        "weapons": "",
        "bullets0": "",
        "bullets1": "",
        "bullets2": "",
        "bullets3": "",
        "bulletsCount0": 0,
        "bulletsCount1": 0,
        "bulletsCount2": 0,
        "bulletsCount3": 0,
        "props": {
          "army": 2,
          "count": 1,
          "formation_type": "rows",
          "formation_div": 3,
          "formation_step": 2.5,
          "formation_noise": 0.1,
          "uniqueName": "",
          "attack_type": "fire_at_will"
        },
        "way": []
      }
    },
    {
      "ships": {
        "name": "capture_buoy_01_03",
        "tm": [
          [-0.707107,0.0,0.707107],
          [0.0,1.0,0.0],
          [-0.707107,0.0,-0.707107],
          [1854.74,0.0,1144.13]
        ],
        "unit_class": "buoy_a",
        "objLayer": 1,
        "closed_waypoints": false,
        "isShipSpline": false,
        "shipTurnRadius": 100.0,
        "weapons": "",
        "bullets0": "",
        "bullets1": "",
        "bullets2": "",
        "bullets3": "",
        "bulletsCount0": 0,
        "bulletsCount1": 0,
        "bulletsCount2": 0,
        "bulletsCount3": 0,
        "props": {
          "army": 2,
          "count": 1,
          "formation_type": "rows",
          "formation_div": 3,
          "formation_step": 2.5,
          "formation_noise": 0.1,
          "uniqueName": "",
          "attack_type": "fire_at_will"
        },
        "way": []
      }
    },
    {
      "ships": {
        "name": "capture_buoy_01_04",
        "tm": [
          [-0.707107,0.0,0.707107],
          [0.0,1.0,0.0],
          [-0.707107,0.0,-0.707107],
          [1894.83,0.0,1156.36]
        ],
        "unit_class": "buoy_a",
        "objLayer": 1,
        "closed_waypoints": false,
        "isShipSpline": false,
        "shipTurnRadius": 100.0,
        "weapons": "",
        "bullets0": "",
        "bullets1": "",
        "bullets2": "",
        "bullets3": "",
        "bulletsCount0": 0,
        "bulletsCount1": 0,
        "bulletsCount2": 0,
        "bulletsCount3": 0,
        "props": {
          "army": 2,
          "count": 1,
          "formation_type": "rows",
          "formation_div": 3,
          "formation_step": 2.5,
          "formation_noise": 0.1,
          "uniqueName": "",
          "attack_type": "fire_at_will"
        },
        "way": []
      }
    },
    {
      "ships": {
        "name": "capture_buoy_01_05",
        "tm": [
          [-0.707107,0.0,0.707107],
          [0.0,1.0,0.0],
          [-0.707107,0.0,-0.707107],
          [1936.23,0.0,1162.89]
        ],
        "unit_class": "buoy_a",
        "objLayer": 1,
        "closed_waypoints": false,
        "isShipSpline": false,
        "shipTurnRadius": 100.0,
        "weapons": "",
        "bullets0": "",
        "bullets1": "",
        "bullets2": "",
        "bullets3": "",
        "bulletsCount0": 0,
        "bulletsCount1": 0,
        "bulletsCount2": 0,
        "bulletsCount3": 0,
        "props": {
          "army": 2,
          "count": 1,
          "formation_type": "rows",
          "formation_div": 3,
          "formation_step": 2.5,
          "formation_noise": 0.1,
          "uniqueName": "",
          "attack_type": "fire_at_will"
        },
        "way": []
      }
    },
    {
      "ships": {
        "name": "capture_buoy_01_06",
        "tm": [
          [-0.707107,0.0,0.707107],
          [0.0,1.0,0.0],
          [-0.707107,0.0,-0.707107],
          [1978.13,0.0,1163.57]
        ],
        "unit_class": "buoy_a",
        "objLayer": 1,
        "closed_waypoints": false,
        "isShipSpline": false,
        "shipTurnRadius": 100.0,
        "weapons": "",
        "bullets0": "",
        "bullets1": "",
        "bullets2": "",
        "bullets3": "",
        "bulletsCount0": 0,
        "bulletsCount1": 0,
        "bulletsCount2": 0,
        "bulletsCount3": 0,
        "props": {
          "army": 2,
          "count": 1,
          "formation_type": "rows",
          "formation_div": 3,
          "formation_step": 2.5,
          "formation_noise": 0.1,
          "uniqueName": "",
          "attack_type": "fire_at_will"
        },
        "way": []
      }
    },
    {
      "ships": {
        "name": "capture_buoy_01_07",
        "tm": [
          [-0.707107,0.0,0.707107],
          [0.0,1.0,0.0],
          [-0.707107,0.0,-0.707107],
          [2019.72,0.0,1158.42]
        ],
        "unit_class": "buoy_a",
        "objLayer": 1,
        "closed_waypoints": false,
        "isShipSpline": false,
        "shipTurnRadius": 100.0,
        "weapons": "",
        "bullets0": "",
        "bullets1": "",
        "bullets2": "",
        "bullets3": "",
        "bulletsCount0": 0,
        "bulletsCount1": 0,
        "bulletsCount2": 0,
        "bulletsCount3": 0,
        "props": {
          "army": 2,
          "count": 1,
          "formation_type": "rows",
          "formation_div": 3,
          "formation_step": 2.5,
          "formation_noise": 0.1,
          "uniqueName": "",
          "attack_type": "fire_at_will"
        },
        "way": []
      }
    },
    {
      "ships": {
        "name": "capture_buoy_01_08",
        "tm": [
          [-0.707107,0.0,0.707107],
          [0.0,1.0,0.0],
          [-0.707107,0.0,-0.707107],
          [2060.18,0.0,1147.51]
        ],
        "unit_class": "buoy_a",
        "objLayer": 1,
        "closed_waypoints": false,
        "isShipSpline": false,
        "shipTurnRadius": 100.0,
        "weapons": "",
        "bullets0": "",
        "bullets1": "",
        "bullets2": "",
        "bullets3": "",
        "bulletsCount0": 0,
        "bulletsCount1": 0,
        "bulletsCount2": 0,
        "bulletsCount3": 0,
        "props": {
          "army": 2,
          "count": 1,
          "formation_type": "rows",
          "formation_div": 3,
          "formation_step": 2.5,
          "formation_noise": 0.1,
          "uniqueName": "",
          "attack_type": "fire_at_will"
        },
        "way": []
      }
    },
    {
      "ships": {
        "name": "capture_buoy_01_09",
        "tm": [
          [-0.707107,0.0,0.707107],
          [0.0,1.0,0.0],
          [-0.707107,0.0,-0.707107],
          [2098.73,0.0,1131.08]
        ],
        "unit_class": "buoy_a",
        "objLayer": 1,
        "closed_waypoints": false,
        "isShipSpline": false,
        "shipTurnRadius": 100.0,
        "weapons": "",
        "bullets0": "",
        "bullets1": "",
        "bullets2": "",
        "bullets3": "",
        "bulletsCount0": 0,
        "bulletsCount1": 0,
        "bulletsCount2": 0,
        "bulletsCount3": 0,
        "props": {
          "army": 2,
          "count": 1,
          "formation_type": "rows",
          "formation_div": 3,
          "formation_step": 2.5,
          "formation_noise": 0.1,
          "uniqueName": "",
          "attack_type": "fire_at_will"
        },
        "way": []
      }
    },
    {
      "ships": {
        "name": "capture_buoy_01_10",
        "tm": [
          [-0.707107,0.0,0.707107],
          [0.0,1.0,0.0],
          [-0.707107,0.0,-0.707107],
          [2134.63,0.0,1109.43]
        ],
        "unit_class": "buoy_a",
        "objLayer": 1,
        "closed_waypoints": false,
        "isShipSpline": false,
        "shipTurnRadius": 100.0,
        "weapons": "",
        "bullets0": "",
        "bullets1": "",
        "bullets2": "",
        "bullets3": "",
        "bulletsCount0": 0,
        "bulletsCount1": 0,
        "bulletsCount2": 0,
        "bulletsCount3": 0,
        "props": {
          "army": 2,
          "count": 1,
          "formation_type": "rows",
          "formation_div": 3,
          "formation_step": 2.5,
          "formation_noise": 0.1,
          "uniqueName": "",
          "attack_type": "fire_at_will"
        },
        "way": []
      }
    },
    {
      "ships": {
        "name": "capture_buoy_01_11",
        "tm": [
          [-0.707107,0.0,0.707107],
          [0.0,1.0,0.0],
          [-0.707107,0.0,-0.707107],
          [2167.14,0.0,1083.0]
        ],
        "unit_class": "buoy_a",
        "objLayer": 1,
        "closed_waypoints": false,
        "isShipSpline": false,
        "shipTurnRadius": 100.0,
        "weapons": "",
        "bullets0": "",
        "bullets1": "",
        "bullets2": "",
        "bullets3": "",
        "bulletsCount0": 0,
        "bulletsCount1": 0,
        "bulletsCount2": 0,
        "bulletsCount3": 0,
        "props": {
          "army": 2,
          "count": 1,
          "formation_type": "rows",
          "formation_div": 3,
          "formation_step": 2.5,
          "formation_noise": 0.1,
          "uniqueName": "",
          "attack_type": "fire_at_will"
        },
        "way": []
      }
    },
    {
      "ships": {
        "name": "capture_buoy_01_12",
        "tm": [
          [-0.707107,0.0,0.707107],
          [0.0,1.0,0.0],
          [-0.707107,0.0,-0.707107],
          [2195.66,0.0,1052.29]
        ],
        "unit_class": "buoy_a",
        "objLayer": 1,
        "closed_waypoints": false,
        "isShipSpline": false,
        "shipTurnRadius": 100.0,
        "weapons": "",
        "bullets0": "",
        "bullets1": "",
        "bullets2": "",
        "bullets3": "",
        "bulletsCount0": 0,
        "bulletsCount1": 0,
        "bulletsCount2": 0,
        "bulletsCount3": 0,
        "props": {
          "army": 2,
          "count": 1,
          "formation_type": "rows",
          "formation_div": 3,
          "formation_step": 2.5,
          "formation_noise": 0.1,
          "uniqueName": "",
          "attack_type": "fire_at_will"
        },
        "way": []
      }
    },
    {
      "ships": {
        "name": "capture_buoy_01_13",
        "tm": [
          [-0.707107,0.0,0.707107],
          [0.0,1.0,0.0],
          [-0.707107,0.0,-0.707107],
          [2219.62,0.0,1017.9]
        ],
        "unit_class": "buoy_a",
        "objLayer": 1,
        "closed_waypoints": false,
        "isShipSpline": false,
        "shipTurnRadius": 100.0,
        "weapons": "",
        "bullets0": "",
        "bullets1": "",
        "bullets2": "",
        "bullets3": "",
        "bulletsCount0": 0,
        "bulletsCount1": 0,
        "bulletsCount2": 0,
        "bulletsCount3": 0,
        "props": {
          "army": 2,
          "count": 1,
          "formation_type": "rows",
          "formation_div": 3,
          "formation_step": 2.5,
          "formation_noise": 0.1,
          "uniqueName": "",
          "attack_type": "fire_at_will"
        },
        "way": []
      }
    },
    {
      "ships": {
        "name": "capture_buoy_01_14",
        "tm": [
          [-0.707107,0.0,0.707107],
          [0.0,1.0,0.0],
          [-0.707107,0.0,-0.707107],
          [2238.55,0.0,980.52]
        ],
        "unit_class": "buoy_a",
        "objLayer": 1,
        "closed_waypoints": false,
        "isShipSpline": false,
        "shipTurnRadius": 100.0,
        "weapons": "",
        "bullets0": "",
        "bullets1": "",
        "bullets2": "",
        "bullets3": "",
        "bulletsCount0": 0,
        "bulletsCount1": 0,
        "bulletsCount2": 0,
        "bulletsCount3": 0,
        "props": {
          "army": 2,
          "count": 1,
          "formation_type": "rows",
          "formation_div": 3,
          "formation_step": 2.5,
          "formation_noise": 0.1,
          "uniqueName": "",
          "attack_type": "fire_at_will"
        },
        "way": []
      }
    },
    {
      "ships": {
        "name": "capture_buoy_01_15",
        "tm": [
          [-0.707107,0.0,0.707107],
          [0.0,1.0,0.0],
          [-0.707107,0.0,-0.707107],
          [2252.09,0.0,940.86]
        ],
        "unit_class": "buoy_a",
        "objLayer": 1,
        "closed_waypoints": false,
        "isShipSpline": false,
        "shipTurnRadius": 100.0,
        "weapons": "",
        "bullets0": "",
        "bullets1": "",
        "bullets2": "",
        "bullets3": "",
        "bulletsCount0": 0,
        "bulletsCount1": 0,
        "bulletsCount2": 0,
        "bulletsCount3": 0,
        "props": {
          "army": 2,
          "count": 1,
          "formation_type": "rows",
          "formation_div": 3,
          "formation_step": 2.5,
          "formation_noise": 0.1,
          "uniqueName": "",
          "attack_type": "fire_at_will"
        },
        "way": []
      }
    },
    {
      "ships": {
        "name": "capture_buoy_01_16",
        "tm": [
          [-0.707107,0.0,0.707107],
          [0.0,1.0,0.0],
          [-0.707107,0.0,-0.707107],
          [2259.97,0.0,899.69]
        ],
        "unit_class": "buoy_a",
        "objLayer": 1,
        "closed_waypoints": false,
        "isShipSpline": false,
        "shipTurnRadius": 100.0,
        "weapons": "",
        "bullets0": "",
        "bullets1": "",
        "bullets2": "",
        "bullets3": "",
        "bulletsCount0": 0,
        "bulletsCount1": 0,
        "bulletsCount2": 0,
        "bulletsCount3": 0,
        "props": {
          "army": 2,
          "count": 1,
          "formation_type": "rows",
          "formation_div": 3,
          "formation_step": 2.5,
          "formation_noise": 0.1,
          "uniqueName": "",
          "attack_type": "fire_at_will"
        },
        "way": []
      }
    },
    {
      "ships": {
        "name": "capture_buoy_01_17",
        "tm": [
          [-0.707107,0.0,0.707107],
          [0.0,1.0,0.0],
          [-0.707107,0.0,-0.707107],
          [2262.04,0.0,857.84]
        ],
        "unit_class": "buoy_a",
        "objLayer": 1,
        "closed_waypoints": false,
        "isShipSpline": false,
        "shipTurnRadius": 100.0,
        "weapons": "",
        "bullets0": "",
        "bullets1": "",
        "bullets2": "",
        "bullets3": "",
        "bulletsCount0": 0,
        "bulletsCount1": 0,
        "bulletsCount2": 0,
        "bulletsCount3": 0,
        "props": {
          "army": 2,
          "count": 1,
          "formation_type": "rows",
          "formation_div": 3,
          "formation_step": 2.5,
          "formation_noise": 0.1,
          "uniqueName": "",
          "attack_type": "fire_at_will"
        },
        "way": []
      }
    },
    {
      "ships": {
        "name": "capture_buoy_01_18",
        "tm": [
          [-0.707107,0.0,0.707107],
          [0.0,1.0,0.0],
          [-0.707107,0.0,-0.707107],
          [2258.25,0.0,816.1]
        ],
        "unit_class": "buoy_a",
        "objLayer": 1,
        "closed_waypoints": false,
        "isShipSpline": false,
        "shipTurnRadius": 100.0,
        "weapons": "",
        "bullets0": "",
        "bullets1": "",
        "bullets2": "",
        "bullets3": "",
        "bulletsCount0": 0,
        "bulletsCount1": 0,
        "bulletsCount2": 0,
        "bulletsCount3": 0,
        "props": {
          "army": 2,
          "count": 1,
          "formation_type": "rows",
          "formation_div": 3,
          "formation_step": 2.5,
          "formation_noise": 0.1,
          "uniqueName": "",
          "attack_type": "fire_at_will"
        },
        "way": []
      }
    },
    {
      "ships": {
        "name": "capture_buoy_01_19",
        "tm": [
          [-0.707107,0.0,0.707107],
          [0.0,1.0,0.0],
          [-0.707107,0.0,-0.707107],
          [2248.68,0.0,775.29]
        ],
        "unit_class": "buoy_a",
        "objLayer": 1,
        "closed_waypoints": false,
        "isShipSpline": false,
        "shipTurnRadius": 100.0,
        "weapons": "",
        "bullets0": "",
        "bullets1": "",
        "bullets2": "",
        "bullets3": "",
        "bulletsCount0": 0,
        "bulletsCount1": 0,
        "bulletsCount2": 0,
        "bulletsCount3": 0,
        "props": {
          "army": 2,
          "count": 1,
          "formation_type": "rows",
          "formation_div": 3,
          "formation_step": 2.5,
          "formation_noise": 0.1,
          "uniqueName": "",
          "attack_type": "fire_at_will"
        },
        "way": []
      }
    },
    {
      "ships": {
        "name": "capture_buoy_01_20",
        "tm": [
          [-0.707107,0.0,0.707107],
          [0.0,1.0,0.0],
          [-0.707107,0.0,-0.707107],
          [2233.53,0.0,736.23]
        ],
        "unit_class": "buoy_a",
        "objLayer": 1,
        "closed_waypoints": false,
        "isShipSpline": false,
        "shipTurnRadius": 100.0,
        "weapons": "",
        "bullets0": "",
        "bullets1": "",
        "bullets2": "",
        "bullets3": "",
        "bulletsCount0": 0,
        "bulletsCount1": 0,
        "bulletsCount2": 0,
        "bulletsCount3": 0,
        "props": {
          "army": 2,
          "count": 1,
          "formation_type": "rows",
          "formation_div": 3,
          "formation_step": 2.5,
          "formation_noise": 0.1,
          "uniqueName": "",
          "attack_type": "fire_at_will"
        },
        "way": []
      }
    },
    {
      "ships": {
        "name": "capture_buoy_01_21",
        "tm": [
          [-0.707107,0.0,0.707107],
          [0.0,1.0,0.0],
          [-0.707107,0.0,-0.707107],
          [2213.07,0.0,699.65]
        ],
        "unit_class": "buoy_a",
        "objLayer": 1,
        "closed_waypoints": false,
        "isShipSpline": false,
        "shipTurnRadius": 100.0,
        "weapons": "",
        "bullets0": "",
        "bullets1": "",
        "bullets2": "",
        "bullets3": "",
        "bulletsCount0": 0,
        "bulletsCount1": 0,
        "bulletsCount2": 0,
        "bulletsCount3": 0,
        "props": {
          "army": 2,
          "count": 1,
          "formation_type": "rows",
          "formation_div": 3,
          "formation_step": 2.5,
          "formation_noise": 0.1,
          "uniqueName": "",
          "attack_type": "fire_at_will"
        },
        "way": []
      }
    },
    {
      "ships": {
        "name": "capture_buoy_01_22",
        "tm": [
          [-0.707107,0.0,0.707107],
          [0.0,1.0,0.0],
          [-0.707107,0.0,-0.707107],
          [2187.72,0.0,666.28]
        ],
        "unit_class": "buoy_a",
        "objLayer": 1,
        "closed_waypoints": false,
        "isShipSpline": false,
        "shipTurnRadius": 100.0,
        "weapons": "",
        "bullets0": "",
        "bullets1": "",
        "bullets2": "",
        "bullets3": "",
        "bulletsCount0": 0,
        "bulletsCount1": 0,
        "bulletsCount2": 0,
        "bulletsCount3": 0,
        "props": {
          "army": 2,
          "count": 1,
          "formation_type": "rows",
          "formation_div": 3,
          "formation_step": 2.5,
          "formation_noise": 0.1,
          "uniqueName": "",
          "attack_type": "fire_at_will"
        },
        "way": []
      }
    },
    {
      "ships": {
        "name": "capture_buoy_01_23",
        "tm": [
          [-0.707107,0.0,0.707107],
          [0.0,1.0,0.0],
          [-0.707107,0.0,-0.707107],
          [2157.97,0.0,636.77]
        ],
        "unit_class": "buoy_a",
        "objLayer": 1,
        "closed_waypoints": false,
        "isShipSpline": false,
        "shipTurnRadius": 100.0,
        "weapons": "",
        "bullets0": "",
        "bullets1": "",
        "bullets2": "",
        "bullets3": "",
        "bulletsCount0": 0,
        "bulletsCount1": 0,
        "bulletsCount2": 0,
        "bulletsCount3": 0,
        "props": {
          "army": 2,
          "count": 1,
          "formation_type": "rows",
          "formation_div": 3,
          "formation_step": 2.5,
          "formation_noise": 0.1,
          "uniqueName": "",
          "attack_type": "fire_at_will"
        },
        "way": []
      }
    },
    {
      "ships": {
        "name": "capture_buoy_01_24",
        "tm": [
          [-0.707107,0.0,0.707107],
          [0.0,1.0,0.0],
          [-0.707107,0.0,-0.707107],
          [2124.38,0.0,611.69]
        ],
        "unit_class": "buoy_a",
        "objLayer": 1,
        "closed_waypoints": false,
        "isShipSpline": false,
        "shipTurnRadius": 100.0,
        "weapons": "",
        "bullets0": "",
        "bullets1": "",
        "bullets2": "",
        "bullets3": "",
        "bulletsCount0": 0,
        "bulletsCount1": 0,
        "bulletsCount2": 0,
        "bulletsCount3": 0,
        "props": {
          "army": 2,
          "count": 1,
          "formation_type": "rows",
          "formation_div": 3,
          "formation_step": 2.5,
          "formation_noise": 0.1,
          "uniqueName": "",
          "attack_type": "fire_at_will"
        },
        "way": []
      }
    },
    {
      "ships": {
        "name": "capture_buoy_01_25",
        "tm": [
          [-0.707107,0.0,0.707107],
          [0.0,1.0,0.0],
          [-0.707107,0.0,-0.707107],
          [2087.64,0.0,591.53]
        ],
        "unit_class": "buoy_a",
        "objLayer": 1,
        "closed_waypoints": false,
        "isShipSpline": false,
        "shipTurnRadius": 100.0,
        "weapons": "",
        "bullets0": "",
        "bullets1": "",
        "bullets2": "",
        "bullets3": "",
        "bulletsCount0": 0,
        "bulletsCount1": 0,
        "bulletsCount2": 0,
        "bulletsCount3": 0,
        "props": {
          "army": 2,
          "count": 1,
          "formation_type": "rows",
          "formation_div": 3,
          "formation_step": 2.5,
          "formation_noise": 0.1,
          "uniqueName": "",
          "attack_type": "fire_at_will"
        },
        "way": []
      }
    },
    {
      "ships": {
        "name": "capture_buoy_01_26",
        "tm": [
          [-0.707107,0.0,0.707107],
          [0.0,1.0,0.0],
          [-0.707107,0.0,-0.707107],
          [2048.45,0.0,576.69]
        ],
        "unit_class": "buoy_a",
        "objLayer": 1,
        "closed_waypoints": false,
        "isShipSpline": false,
        "shipTurnRadius": 100.0,
        "weapons": "",
        "bullets0": "",
        "bullets1": "",
        "bullets2": "",
        "bullets3": "",
        "bulletsCount0": 0,
        "bulletsCount1": 0,
        "bulletsCount2": 0,
        "bulletsCount3": 0,
        "props": {
          "army": 2,
          "count": 1,
          "formation_type": "rows",
          "formation_div": 3,
          "formation_step": 2.5,
          "formation_noise": 0.1,
          "uniqueName": "",
          "attack_type": "fire_at_will"
        },
        "way": []
      }
    },
    {
      "ships": {
        "name": "capture_buoy_01_27",
        "tm": [
          [-0.707107,0.0,0.707107],
          [0.0,1.0,0.0],
          [-0.707107,0.0,-0.707107],
          [2007.57,0.0,567.47]
        ],
        "unit_class": "buoy_a",
        "objLayer": 1,
        "closed_waypoints": false,
        "isShipSpline": false,
        "shipTurnRadius": 100.0,
        "weapons": "",
        "bullets0": "",
        "bullets1": "",
        "bullets2": "",
        "bullets3": "",
        "bulletsCount0": 0,
        "bulletsCount1": 0,
        "bulletsCount2": 0,
        "bulletsCount3": 0,
        "props": {
          "army": 2,
          "count": 1,
          "formation_type": "rows",
          "formation_div": 3,
          "formation_step": 2.5,
          "formation_noise": 0.1,
          "uniqueName": "",
          "attack_type": "fire_at_will"
        },
        "way": []
      }
    },
    {
      "ships": {
        "name": "capture_buoy_01_28",
        "tm": [
          [-0.707107,0.0,0.707107],
          [0.0,1.0,0.0],
          [-0.707107,0.0,-0.707107],
          [1965.8,0.0,564.03]
        ],
        "unit_class": "buoy_a",
        "objLayer": 1,
        "closed_waypoints": false,
        "isShipSpline": false,
        "shipTurnRadius": 100.0,
        "weapons": "",
        "bullets0": "",
        "bullets1": "",
        "bullets2": "",
        "bullets3": "",
        "bulletsCount0": 0,
        "bulletsCount1": 0,
        "bulletsCount2": 0,
        "bulletsCount3": 0,
        "props": {
          "army": 2,
          "count": 1,
          "formation_type": "rows",
          "formation_div": 3,
          "formation_step": 2.5,
          "formation_noise": 0.1,
          "uniqueName": "",
          "attack_type": "fire_at_will"
        },
        "way": []
      }
    },
    {
      "ships": {
        "name": "capture_buoy_01_29",
        "tm": [
          [-0.707107,0.0,0.707107],
          [0.0,1.0,0.0],
          [-0.707107,0.0,-0.707107],
          [1923.96,0.0,566.44]
        ],
        "unit_class": "buoy_a",
        "objLayer": 1,
        "closed_waypoints": false,
        "isShipSpline": false,
        "shipTurnRadius": 100.0,
        "weapons": "",
        "bullets0": "",
        "bullets1": "",
        "bullets2": "",
        "bullets3": "",
        "bulletsCount0": 0,
        "bulletsCount1": 0,
        "bulletsCount2": 0,
        "bulletsCount3": 0,
        "props": {
          "army": 2,
          "count": 1,
          "formation_type": "rows",
          "formation_div": 3,
          "formation_step": 2.5,
          "formation_noise": 0.1,
          "uniqueName": "",
          "attack_type": "fire_at_will"
        },
        "way": []
      }
    },
    {
      "ships": {
        "name": "capture_buoy_01_30",
        "tm": [
          [-0.707107,0.0,0.707107],
          [0.0,1.0,0.0],
          [-0.707107,0.0,-0.707107],
          [1882.87,0.0,574.66]
        ],
        "unit_class": "buoy_a",
        "objLayer": 1,
        "closed_waypoints": false,
        "isShipSpline": false,
        "shipTurnRadius": 100.0,
        "weapons": "",
        "bullets0": "",
        "bullets1": "",
        "bullets2": "",
        "bullets3": "",
        "bulletsCount0": 0,
        "bulletsCount1": 0,
        "bulletsCount2": 0,
        "bulletsCount3": 0,
        "props": {
          "army": 2,
          "count": 1,
          "formation_type": "rows",
          "formation_div": 3,
          "formation_step": 2.5,
          "formation_noise": 0.1,
          "uniqueName": "",
          "attack_type": "fire_at_will"
        },
        "way": []
      }
    },
    {
      "ships": {
        "name": "capture_buoy_01_31",
        "tm": [
          [-0.707107,0.0,0.707107],
          [0.0,1.0,0.0],
          [-0.707107,0.0,-0.707107],
          [1843.32,0.0,588.52]
        ],
        "unit_class": "buoy_a",
        "objLayer": 1,
        "closed_waypoints": false,
        "isShipSpline": false,
        "shipTurnRadius": 100.0,
        "weapons": "",
        "bullets0": "",
        "bullets1": "",
        "bullets2": "",
        "bullets3": "",
        "bulletsCount0": 0,
        "bulletsCount1": 0,
        "bulletsCount2": 0,
        "bulletsCount3": 0,
        "props": {
          "army": 2,
          "count": 1,
          "formation_type": "rows",
          "formation_div": 3,
          "formation_step": 2.5,
          "formation_noise": 0.1,
          "uniqueName": "",
          "attack_type": "fire_at_will"
        },
        "way": []
      }
    },
    {
      "ships": {
        "name": "capture_buoy_01_32",
        "tm": [
          [-0.707107,0.0,0.707107],
          [0.0,1.0,0.0],
          [-0.707107,0.0,-0.707107],
          [1806.09,0.0,607.76]
        ],
        "unit_class": "buoy_a",
        "objLayer": 1,
        "closed_waypoints": false,
        "isShipSpline": false,
        "shipTurnRadius": 100.0,
        "weapons": "",
        "bullets0": "",
        "bullets1": "",
        "bullets2": "",
        "bullets3": "",
        "bulletsCount0": 0,
        "bulletsCount1": 0,
        "bulletsCount2": 0,
        "bulletsCount3": 0,
        "props": {
          "army": 2,
          "count": 1,
          "formation_type": "rows",
          "formation_div": 3,
          "formation_step": 2.5,
          "formation_noise": 0.1,
          "uniqueName": "",
          "attack_type": "fire_at_will"
        },
        "way": []
      }
    },
    {
      "ships": {
        "name": "capture_buoy_01_33",
        "tm": [
          [-0.707107,0.0,0.707107],
          [0.0,1.0,0.0],
          [-0.707107,0.0,-0.707107],
          [1771.9,0.0,632.0]
        ],
        "unit_class": "buoy_a",
        "objLayer": 1,
        "closed_waypoints": false,
        "isShipSpline": false,
        "shipTurnRadius": 100.0,
        "weapons": "",
        "bullets0": "",
        "bullets1": "",
        "bullets2": "",
        "bullets3": "",
        "bulletsCount0": 0,
        "bulletsCount1": 0,
        "bulletsCount2": 0,
        "bulletsCount3": 0,
        "props": {
          "army": 2,
          "count": 1,
          "formation_type": "rows",
          "formation_div": 3,
          "formation_step": 2.5,
          "formation_noise": 0.1,
          "uniqueName": "",
          "attack_type": "fire_at_will"
        },
        "way": []
      }
    },
    {
      "ships": {
        "name": "capture_buoy_01_34",
        "tm": [
          [-0.707107,0.0,0.707107],
          [0.0,1.0,0.0],
          [-0.707107,0.0,-0.707107],
          [1741.43,0.0,660.77]
        ],
        "unit_class": "buoy_a",
        "objLayer": 1,
        "closed_waypoints": false,
        "isShipSpline": false,
        "shipTurnRadius": 100.0,
        "weapons": "",
        "bullets0": "",
        "bullets1": "",
        "bullets2": "",
        "bullets3": "",
        "bulletsCount0": 0,
        "bulletsCount1": 0,
        "bulletsCount2": 0,
        "bulletsCount3": 0,
        "props": {
          "army": 2,
          "count": 1,
          "formation_type": "rows",
          "formation_div": 3,
          "formation_step": 2.5,
          "formation_noise": 0.1,
          "uniqueName": "",
          "attack_type": "fire_at_will"
        },
        "way": []
      }
    },
    {
      "ships": {
        "name": "capture_buoy_01_35",
        "tm": [
          [-0.707107,0.0,0.707107],
          [0.0,1.0,0.0],
          [-0.707107,0.0,-0.707107],
          [1715.26,0.0,693.5]
        ],
        "unit_class": "buoy_a",
        "objLayer": 1,
        "closed_waypoints": false,
