{
  "selected_tag": "",
  "bin_dump_file": "",
  "mission_settings": {
    "atmosphere": {
      "pressure": 760.0,
      "temperature": 15.0
    },
    "player": {
      "army": 1
    },
    "player_teamB": {
      "army": 2
    },
    "mission": {
      "name": "untitled",
      "type": "singleMission",
      "level": "levels/water.bin",
      "campaign": "UserMissions",
      "restoreType": "attempts",
      "optionalTakeOff": false,
      "missionDebriefing": "",
      "missionBriefing": "",
      "environment": "Day",
      "weather": "hazy",
      "missionType": {
        "_Dom": false,
        "_Conq": false,
        "_CnvA": false,
        "_CnvB": false,
        "_ArtDA": false,
        "_ArtDB": false,
        "_Bttl": false,
        "_DBttlA": false,
        "_DBttlB": false,
        "_Bto": false,
        "_Flc": false,
        "_v1_race_straight": false,
        "_v1_race_inverted": false,
        "_v2_race_straight": false,
        "_v2_race_inverted": false,
        "_Conq1": false,
        "_Conq2": false,
        "_Conq3": false,
        "_Conq4": false,
        "_Conq5": false,
        "_Conq6": false
      },
      "tags": [],
      "allowedUnitTypes": {
        "isAirplanesAllowed": true,
        "isTanksAllowed": false,
        "isShipsAllowed": true,
        "isHelicoptersAllowed": false
      }
    },
    "spectator_points": [],
    "cover_points": [],
    "aiParams": {
      "aiEffectivenessViscosity": 90.0,
      "effectivenessDistances": [2500.0,7000.0]
    }
  },
  "imports": [],
  "triggers": {
    "isCategory": true,
    "is_enabled": true
  },
  "mission_objectives": {
    "isCategory": true,
    "is_enabled": true
  },
  "variables": [],
  "dialogs": [],
  "airfields": [],
  "effects": [],
  "units": [
    {
      "area_squad": {
        "name": "ndom_t2_boat_spawn_01",
        "tm": [
          [0.982599,0.0,0.185739],
          [0.0,1.0,0.0],
          [-0.185739,0.0,0.982599],
          [5120.69,-0.000244141,-1954.6]
        ],
        "props": [
          {
            "squad_members": "t2_shipspawn01"
          },
          {
            "squad_members": "t2_shipspawn02"
          },
          {
            "squad_members": "t2_shipspawn03"
          },
          {
            "squad_members": "t2_shipspawn04"
          },
          {
            "squad_members": "t2_shipspawn05"
          },
          {
            "squad_members": "t2_shipspawn06"
          },
          {
            "squad_members": "t2_shipspawn07"
          },
          {
            "squad_members": "t2_shipspawn08"
          },
          {
            "squad_members": "t2_shipspawn09"
          },
          {
            "squad_members": "t2_shipspawn10"
          },
          {
            "squad_members": "t2_shipspawn11"
          },
          {
            "squad_members": "t2_shipspawn12"
          },
          {
            "squad_members": "t2_shipspawn13"
          },
          {
            "squad_members": "t2_shipspawn14"
          },
          {
            "squad_members": "t2_shipspawn15"
          },
          {
            "squad_members": "t2_shipspawn16"
          }
        ]
      }
    },
    {
      "area_squad": {
        "name": "ndom_t1_boat_spawn_01",
        "tm": [
          [0.457674,0.0,-0.88912],
          [0.0,1.0,0.0],
          [0.88912,0.0,0.457674],
          [2660.52,0.00170899,-1021.26]
        ],
        "props": [
          {
            "squad_members": "t1_shipspawn01"
          },
          {
            "squad_members": "t1_shipspawn02"
          },
          {
            "squad_members": "t1_shipspawn03"
          },
          {
            "squad_members": "t1_shipspawn04"
          },
          {
            "squad_members": "t1_shipspawn05"
          },
          {
            "squad_members": "t1_shipspawn06"
          },
          {
            "squad_members": "t1_shipspawn07"
          },
          {
            "squad_members": "t1_shipspawn08"
          },
          {
            "squad_members": "t1_shipspawn09"
          },
          {
            "squad_members": "t1_shipspawn10"
          },
          {
            "squad_members": "t1_shipspawn11"
          },
          {
            "squad_members": "t1_shipspawn12"
          },
          {
            "squad_members": "t1_shipspawn13"
          },
          {
            "squad_members": "t1_shipspawn14"
          },
          {
            "squad_members": "t1_shipspawn15"
          },
          {
            "squad_members": "t1_shipspawn16"
          }
        ]
      }
    },
    {
      "area_squad": {
        "name": "ndom_t1_destroyer_spawn_01",
        "tm": [
          [0.890506,0.0,-0.454972],
          [0.0,1.0,0.0],
          [0.454972,0.0,0.890506],
          [1571.2,-16.158,2156.08]
        ],
        "props": [
          {
            "squad_members": "t1_shipspawn_heavy01"
          },
          {
            "squad_members": "t1_shipspawn_heavy02"
          },
          {
            "squad_members": "t1_shipspawn_heavy03"
          },
          {
            "squad_members": "t1_shipspawn_heavy04"
          },
          {
            "squad_members": "t1_shipspawn_heavy05"
          },
          {
            "squad_members": "t1_shipspawn_heavy06"
          },
          {
            "squad_members": "t1_shipspawn_heavy07"
          },
          {
            "squad_members": "t1_shipspawn_heavy08"
          },
          {
            "squad_members": "t1_shipspawn_heavy09"
          },
          {
            "squad_members": "t1_shipspawn_heavy10"
          },
          {
            "squad_members": "t1_shipspawn_heavy11"
          },
          {
            "squad_members": "t1_shipspawn_heavy12"
          },
          {
            "squad_members": "t1_shipspawn_heavy13"
          },
          {
            "squad_members": "t1_shipspawn_heavy14"
          },
          {
            "squad_members": "t1_shipspawn_heavy15"
          },
          {
            "squad_members": "t1_shipspawn_heavy16"
          }
        ]
      }
    },
    {
      "area_squad": {
        "name": "ndom_t2_destroyer_spawn_01",
        "tm": [
          [0.126689,0.0,-0.991942],
          [0.0,1.0,0.0],
          [0.991942,0.0,0.126689],
          [7900.65,0.38031,-2128.65]
        ],
        "props": [
          {
            "squad_members": "t2_shipspawn_heavy01"
          },
          {
            "squad_members": "t2_shipspawn_heavy02"
          },
          {
            "squad_members": "t2_shipspawn_heavy03"
          },
          {
            "squad_members": "t2_shipspawn_heavy04"
          },
          {
            "squad_members": "t2_shipspawn_heavy05"
          },
          {
            "squad_members": "t2_shipspawn_heavy06"
          },
          {
            "squad_members": "t2_shipspawn_heavy07"
          },
          {
            "squad_members": "t2_shipspawn_heavy08"
          },
          {
            "squad_members": "t2_shipspawn_heavy09"
          },
          {
            "squad_members": "t2_shipspawn_heavy10"
          },
          {
            "squad_members": "t2_shipspawn_heavy11"
          },
          {
            "squad_members": "t2_shipspawn_heavy12"
          },
          {
            "squad_members": "t2_shipspawn_heavy13"
          },
          {
            "squad_members": "t2_shipspawn_heavy14"
          },
          {
            "squad_members": "t2_shipspawn_heavy15"
          },
          {
            "squad_members": "t2_shipspawn_heavy16"
          }
        ]
      }
    },
    {
      "ships": {
        "name": "capture_buoy55",
        "tm": [
          [0.890506,0.0,-0.454972],
          [0.0,1.0,0.0],
          [0.454972,0.0,0.890506],
          [4731.23,-0.0002594,378.638]
        ],
        "unit_class": "buoy_a",
        "objLayer": 1,
        "closed_waypoints": false,
        "isShipSpline": false,
        "shipTurnRadius": 100.0,
        "weapons": "",
        "bullets0": "",
        "bullets1": "",
        "bullets2": "",
        "bullets3": "",
        "bulletsCount0": 0,
        "bulletsCount1": 0,
        "bulletsCount2": 0,
        "bulletsCount3": 0,
        "props": {
          "army": 2,
          "count": 1,
          "formation_type": "rows",
          "formation_div": 3,
          "formation_step": [2.5,2.0],
          "formation_noise": [0.1,0.1],
          "uniqueName": "",
          "attack_type": "fire_at_will"
        },
        "way": []
      }
    },
    {
      "ships": {
        "name": "capture_buoy56",
        "tm": [
          [0.890506,0.0,-0.454972],
          [0.0,1.0,0.0],
          [0.454972,0.0,0.890506],
          [4819.32,-0.000244141,-96.7558]
        ],
        "unit_class": "buoy_a",
        "objLayer": 1,
        "closed_waypoints": false,
        "isShipSpline": false,
        "shipTurnRadius": 100.0,
        "weapons": "",
        "bullets0": "",
        "bullets1": "",
        "bullets2": "",
        "bullets3": "",
        "bulletsCount0": 0,
        "bulletsCount1": 0,
        "bulletsCount2": 0,
        "bulletsCount3": 0,
        "props": {
          "army": 2,
          "count": 1,
          "formation_type": "rows",
          "formation_div": 3,
          "formation_step": [2.5,2.0],
          "formation_noise": [0.1,0.1],
          "uniqueName": "",
          "attack_type": "fire_at_will"
        },
        "way": []
      }
    },
    {
      "ships": {
        "name": "capture_buoy57",
        "tm": [
          [0.88015,0.0,0.474696],
          [0.0,1.0,0.0],
          [-0.474696,0.0,0.88015],
          [4862.85,-0.381775,103.565]
        ],
        "unit_class": "buoy_a",
        "objLayer": 1,
        "closed_waypoints": false,
        "isShipSpline": false,
        "shipTurnRadius": 100.0,
        "weapons": "",
        "bullets0": "",
        "bullets1": "",
        "bullets2": "",
        "bullets3": "",
        "bulletsCount0": 0,
        "bulletsCount1": 0,
        "bulletsCount2": 0,
        "bulletsCount3": 0,
        "props": {
          "army": 2,
          "count": 1,
          "formation_type": "rows",
          "formation_div": 3,
          "formation_step": [2.5,2.0],
          "formation_noise": [0.1,0.1],
          "uniqueName": "",
          "attack_type": "fire_at_will"
        },
        "way": []
      }
    },
    {
      "ships": {
        "name": "capture_buoy58",
        "tm": [
          [0.454972,0.0,0.890506],
          [0.0,1.0,0.0],
          [-0.890506,0.0,0.454972],
          [4444.93,-0.000190735,481.293]
        ],
        "unit_class": "buoy_a",
        "objLayer": 1,
        "closed_waypoints": false,
        "isShipSpline": false,
        "shipTurnRadius": 100.0,
        "weapons": "",
        "bullets0": "",
        "bullets1": "",
        "bullets2": "",
        "bullets3": "",
        "bulletsCount0": 0,
        "bulletsCount1": 0,
        "bulletsCount2": 0,
        "bulletsCount3": 0,
        "props": {
          "army": 2,
          "count": 1,
          "formation_type": "rows",
          "formation_div": 3,
          "formation_step": [2.5,2.0],
          "formation_noise": [0.1,0.1],
          "uniqueName": "",
          "attack_type": "fire_at_will"
        },
        "way": []
      }
    },
    {
      "ships": {
        "name": "capture_buoy59",
        "tm": [
          [0.307969,0.0,-0.951397],
          [0.0,1.0,0.0],
          [0.951397,0.0,0.307969],
          [4075.74,-0.000274659,167.237]
        ],
        "unit_class": "buoy_a",
        "objLayer": 1,
        "closed_waypoints": false,
        "isShipSpline": false,
        "shipTurnRadius": 100.0,
        "weapons": "",
        "bullets0": "",
        "bullets1": "",
        "bullets2": "",
        "bullets3": "",
        "bulletsCount0": 0,
        "bulletsCount1": 0,
        "bulletsCount2": 0,
        "bulletsCount3": 0,
        "props": {
          "army": 2,
          "count": 1,
          "formation_type": "rows",
          "formation_div": 3,
          "formation_step": [2.5,2.0],
          "formation_noise": [0.1,0.1],
          "uniqueName": "",
          "attack_type": "fire_at_will"
        },
        "way": []
      }
    },
    {
      "ships": {
        "name": "capture_buoy61",
        "tm": [
          [0.307969,0.0,-0.951397],
          [0.0,1.0,0.0],
          [0.951397,0.0,0.307969],
          [4382.12,-0.000297547,-304.298]
        ],
        "unit_class": "buoy_a",
        "objLayer": 1,
        "closed_waypoints": false,
        "isShipSpline": false,
        "shipTurnRadius": 100.0,
        "weapons": "",
        "bullets0": "",
        "bullets1": "",
        "bullets2": "",
        "bullets3": "",
        "bulletsCount0": 0,
        "bulletsCount1": 0,
        "bulletsCount2": 0,
        "bulletsCount3": 0,
        "props": {
          "army": 2,
          "count": 1,
          "formation_type": "rows",
          "formation_div": 3,
          "formation_step": [2.5,2.0],
          "formation_noise": [0.1,0.1],
          "uniqueName": "",
          "attack_type": "fire_at_will"
        },
        "way": []
      }
    },
    {
      "ships": {
        "name": "capture_buoy62",
        "tm": [
          [0.701974,0.0,0.712202],
          [0.0,1.0,0.0],
          [-0.712202,0.0,0.701974],
          [4846.48,-0.381607,206.006]
        ],
        "unit_class": "buoy_a",
        "objLayer": 1,
        "closed_waypoints": false,
        "isShipSpline": false,
        "shipTurnRadius": 100.0,
        "weapons": "",
        "bullets0": "",
        "bullets1": "",
        "bullets2": "",
        "bullets3": "",
        "bulletsCount0": 0,
        "bulletsCount1": 0,
        "bulletsCount2": 0,
        "bulletsCount3": 0,
        "props": {
          "army": 2,
          "count": 1,
          "formation_type": "rows",
          "formation_div": 3,
          "formation_step": [2.5,2.0],
          "formation_noise": [0.1,0.1],
          "uniqueName": "",
          "attack_type": "fire_at_will"
        },
        "way": []
      }
    },
    {
      "ships": {
        "name": "capture_buoy63",
        "tm": [
          [0.626133,0.0,-0.779715],
          [0.0,1.0,0.0],
          [0.779715,0.0,0.626133],
          [4086.52,-0.000244141,-38.2245]
        ],
        "unit_class": "buoy_a",
        "objLayer": 1,
        "closed_waypoints": false,
        "isShipSpline": false,
        "shipTurnRadius": 100.0,
        "weapons": "",
        "bullets0": "",
        "bullets1": "",
        "bullets2": "",
        "bullets3": "",
        "bulletsCount0": 0,
        "bulletsCount1": 0,
        "bulletsCount2": 0,
        "bulletsCount3": 0,
        "props": {
          "army": 2,
          "count": 1,
          "formation_type": "rows",
          "formation_div": 3,
          "formation_step": [2.5,2.0],
          "formation_noise": [0.1,0.1],
          "uniqueName": "",
          "attack_type": "fire_at_will"
        },
        "way": []
      }
    },
    {
      "ships": {
        "name": "capture_buoy64",
        "tm": [
          [0.626133,0.0,-0.779715],
          [0.0,1.0,0.0],
          [0.779715,0.0,0.626133],
          [4483.63,-0.000244141,-320.561]
        ],
        "unit_class": "buoy_a",
        "objLayer": 1,
        "closed_waypoints": false,
        "isShipSpline": false,
        "shipTurnRadius": 100.0,
        "weapons": "",
        "bullets0": "",
        "bullets1": "",
        "bullets2": "",
        "bullets3": "",
        "bulletsCount0": 0,
        "bulletsCount1": 0,
        "bulletsCount2": 0,
        "bulletsCount3": 0,
        "props": {
          "army": 2,
          "count": 1,
          "formation_type": "rows",
          "formation_div": 3,
          "formation_step": [2.5,2.0],
          "formation_noise": [0.1,0.1],
          "uniqueName": "",
          "attack_type": "fire_at_will"
        },
        "way": []
      }
    },
    {
      "ships": {
        "name": "capture_buoy65",
        "tm": [
          [0.789521,0.0,-0.613724],
          [0.0,1.0,0.0],
          [0.613724,0.0,0.789521],
          [4681.0,-0.000228882,-250.577]
        ],
        "unit_class": "buoy_a",
        "objLayer": 1,
        "closed_waypoints": false,
        "isShipSpline": false,
        "shipTurnRadius": 100.0,
        "weapons": "",
        "bullets0": "",
        "bullets1": "",
        "bullets2": "",
        "bullets3": "",
        "bulletsCount0": 0,
        "bulletsCount1": 0,
        "bulletsCount2": 0,
        "bulletsCount3": 0,
        "props": {
          "army": 2,
          "count": 1,
          "formation_type": "rows",
          "formation_div": 3,
          "formation_step": [2.5,2.0],
          "formation_noise": [0.1,0.1],
          "uniqueName": "",
          "attack_type": "fire_at_will"
        },
        "way": []
      }
    },
    {
      "ships": {
        "name": "capture_buoy66",
        "tm": [
          [0.626133,0.0,-0.779715],
          [0.0,1.0,0.0],
          [0.779715,0.0,0.626133],
          [4464.99,-0.000244141,84.2552]
        ],
        "unit_class": "buoy_a",
        "objLayer": 1,
        "closed_waypoints": false,
        "isShipSpline": false,
        "shipTurnRadius": 100.0,
        "weapons": "",
        "bullets0": "",
        "bullets1": "",
        "bullets2": "",
        "bullets3": "",
        "bulletsCount0": 0,
        "bulletsCount1": 0,
        "bulletsCount2": 0,
        "bulletsCount3": 0,
        "props": {
          "army": 2,
          "count": 1,
          "formation_type": "rows",
          "formation_div": 3,
          "formation_step": [2.5,2.0],
          "formation_noise": [0.1,0.1],
          "uniqueName": "",
          "attack_type": "fire_at_will"
        },
        "way": []
      }
    },
    {
      "ships": {
        "name": "capture_buoy67",
        "tm": [
          [-0.0749216,0.0,-0.997189],
          [0.0,1.0,0.0],
          [0.997189,0.0,-0.0749216],
          [4169.86,-0.000289917,350.839]
        ],
        "unit_class": "buoy_a",
        "objLayer": 1,
        "closed_waypoints": false,
        "isShipSpline": false,
        "shipTurnRadius": 100.0,
        "weapons": "",
        "bullets0": "",
        "bullets1": "",
        "bullets2": "",
        "bullets3": "",
        "bulletsCount0": 0,
        "bulletsCount1": 0,
        "bulletsCount2": 0,
        "bulletsCount3": 0,
        "props": {
          "army": 2,
          "count": 1,
          "formation_type": "rows",
          "formation_div": 3,
          "formation_step": [2.5,2.0],
          "formation_noise": [0.1,0.1],
          "uniqueName": "",
          "attack_type": "fire_at_will"
        },
        "way": []
      }
    },
    {
      "ships": {
        "name": "capture_buoy68",
        "tm": [
          [0.789521,0.0,-0.613724],
          [0.0,1.0,0.0],
          [0.613724,0.0,0.789521],
          [4130.58,-0.000350953,-132.414]
        ],
        "unit_class": "buoy_a",
        "objLayer": 1,
        "closed_waypoints": false,
        "isShipSpline": false,
        "shipTurnRadius": 100.0,
        "weapons": "",
        "bullets0": "",
        "bullets1": "",
        "bullets2": "",
        "bullets3": "",
        "bulletsCount0": 0,
        "bulletsCount1": 0,
        "bulletsCount2": 0,
        "bulletsCount3": 0,
        "props": {
          "army": 2,
          "count": 1,
          "formation_type": "rows",
          "formation_div": 3,
          "formation_step": [2.5,2.0],
          "formation_noise": [0.1,0.1],
          "uniqueName": "",
          "attack_type": "fire_at_will"
        },
        "way": []
      }
    },
    {
      "ships": {
        "name": "capture_buoy69",
        "tm": [
          [-0.0749216,0.0,-0.997189],
          [0.0,1.0,0.0],
          [0.997189,0.0,-0.0749216],
          [4284.24,-0.000427246,-270.213]
        ],
        "unit_class": "buoy_a",
        "objLayer": 1,
        "closed_waypoints": false,
        "isShipSpline": false,
        "shipTurnRadius": 100.0,
        "weapons": "",
        "bullets0": "",
        "bullets1": "",
        "bullets2": "",
        "bullets3": "",
        "bulletsCount0": 0,
        "bulletsCount1": 0,
        "bulletsCount2": 0,
        "bulletsCount3": 0,
        "props": {
          "army": 2,
          "count": 1,
          "formation_type": "rows",
          "formation_div": 3,
          "formation_step": [2.5,2.0],
          "formation_noise": [0.1,0.1],
          "uniqueName": "",
          "attack_type": "fire_at_will"
        },
        "way": []
      }
    },
    {
      "ships": {
        "name": "capture_buoy70",
        "tm": [
          [0.306045,0.0,0.952017],
          [0.0,1.0,0.0],
          [-0.952017,0.0,0.306045],
          [4343.12,-0.381714,462.768]
        ],
        "unit_class": "buoy_a",
        "objLayer": 1,
        "closed_waypoints": false,
        "isShipSpline": false,
        "shipTurnRadius": 100.0,
        "weapons": "",
        "bullets0": "",
        "bullets1": "",
        "bullets2": "",
        "bullets3": "",
        "bulletsCount0": 0,
        "bulletsCount1": 0,
        "bulletsCount2": 0,
        "bulletsCount3": 0,
        "props": {
          "army": 2,
          "count": 1,
          "formation_type": "rows",
          "formation_div": 3,
          "formation_step": [2.5,2.0],
          "formation_noise": [0.1,0.1],
          "uniqueName": "",
          "attack_type": "fire_at_will"
        },
        "way": []
      }
    },
    {
      "ships": {
        "name": "capture_buoy71",
        "tm": [
          [0.145465,0.0,-0.989363],
          [0.0,1.0,0.0],
          [0.989363,0.0,0.145465],
          [4110.86,-0.0002594,265.295]
        ],
        "unit_class": "buoy_a",
        "objLayer": 1,
        "closed_waypoints": false,
        "isShipSpline": false,
        "shipTurnRadius": 100.0,
        "weapons": "",
        "bullets0": "",
        "bullets1": "",
        "bullets2": "",
        "bullets3": "",
        "bulletsCount0": 0,
        "bulletsCount1": 0,
        "bulletsCount2": 0,
        "bulletsCount3": 0,
        "props": {
          "army": 2,
          "count": 1,
          "formation_type": "rows",
          "formation_div": 3,
          "formation_step": [2.5,2.0],
          "formation_noise": [0.1,0.1],
          "uniqueName": "",
          "attack_type": "fire_at_will"
        },
        "way": []
      }
    },
    {
      "ships": {
        "name": "capture_buoy72",
        "tm": [
          [0.49739,0.0,-0.867527],
          [0.0,1.0,0.0],
          [0.867527,0.0,0.49739],
          [4586.78,-0.000366211,-295.102]
        ],
        "unit_class": "buoy_a",
        "objLayer": 1,
        "closed_waypoints": false,
        "isShipSpline": false,
        "shipTurnRadius": 100.0,
        "weapons": "",
        "bullets0": "",
        "bullets1": "",
        "bullets2": "",
        "bullets3": "",
        "bulletsCount0": 0,
        "bulletsCount1": 0,
        "bulletsCount2": 0,
        "bulletsCount3": 0,
        "props": {
          "army": 2,
          "count": 1,
          "formation_type": "rows",
          "formation_div": 3,
          "formation_step": [2.5,2.0],
          "formation_noise": [0.1,0.1],
          "uniqueName": "",
          "attack_type": "fire_at_will"
        },
        "way": []
      }
    },
    {
      "ships": {
        "name": "capture_buoy73",
        "tm": [
          [0.145465,0.0,-0.989363],
          [0.0,1.0,0.0],
          [0.989363,0.0,0.145465],
          [4758.38,-0.000320435,-184.791]
        ],
        "unit_class": "buoy_a",
        "objLayer": 1,
        "closed_waypoints": false,
        "isShipSpline": false,
        "shipTurnRadius": 100.0,
        "weapons": "",
        "bullets0": "",
        "bullets1": "",
        "bullets2": "",
        "bullets3": "",
        "bulletsCount0": 0,
        "bulletsCount1": 0,
        "bulletsCount2": 0,
        "bulletsCount3": 0,
        "props": {
          "army": 2,
          "count": 1,
          "formation_type": "rows",
          "formation_div": 3,
          "formation_step": [2.5,2.0],
          "formation_noise": [0.1,0.1],
          "uniqueName": "",
          "attack_type": "fire_at_will"
        },
        "way": []
      }
    },
    {
      "ships": {
        "name": "capture_buoy74",
        "tm": [
          [0.49739,0.0,-0.867527],
          [0.0,1.0,0.0],
          [0.867527,0.0,0.49739],
          [4100.27,-0.000427246,50.6053]
        ],
        "unit_class": "buoy_a",
        "objLayer": 1,
        "closed_waypoints": false,
        "isShipSpline": false,
        "shipTurnRadius": 100.0,
        "weapons": "",
        "bullets0": "",
        "bullets1": "",
        "bullets2": "",
        "bullets3": "",
        "bulletsCount0": 0,
        "bulletsCount1": 0,
        "bulletsCount2": 0,
        "bulletsCount3": 0,
        "props": {
          "army": 2,
          "count": 1,
          "formation_type": "rows",
          "formation_div": 3,
          "formation_step": [2.5,2.0],
          "formation_noise": [0.1,0.1],
          "uniqueName": "",
          "attack_type": "fire_at_will"
        },
        "way": []
      }
    },
    {
      "ships": {
        "name": "capture_buoy75",
        "tm": [
          [-0.187123,0.0,-0.982336],
          [0.0,1.0,0.0],
          [0.982336,0.0,-0.187123],
          [4250.44,-0.000343323,418.73]
        ],
        "unit_class": "buoy_a",
        "objLayer": 1,
        "closed_waypoints": false,
        "isShipSpline": false,
        "shipTurnRadius": 100.0,
        "weapons": "",
        "bullets0": "",
        "bullets1": "",
        "bullets2": "",
        "bullets3": "",
        "bulletsCount0": 0,
        "bulletsCount1": 0,
        "bulletsCount2": 0,
        "bulletsCount3": 0,
        "props": {
          "army": 2,
          "count": 1,
          "formation_type": "rows",
          "formation_div": 3,
          "formation_step": [2.5,2.0],
          "formation_noise": [0.1,0.1],
          "uniqueName": "",
          "attack_type": "fire_at_will"
        },
        "way": []
      }
    },
    {
      "ships": {
        "name": "capture_buoy76",
        "tm": [
          [-0.784244,0.0,-0.620452],
          [0.0,1.0,0.0],
          [0.620452,0.0,-0.784244],
          [4801.91,-0.000350953,300.536]
        ],
        "unit_class": "buoy_a",
        "objLayer": 1,
        "closed_waypoints": false,
        "isShipSpline": false,
        "shipTurnRadius": 100.0,
        "weapons": "",
        "bullets0": "",
        "bullets1": "",
        "bullets2": "",
        "bullets3": "",
        "bulletsCount0": 0,
        "bulletsCount1": 0,
        "bulletsCount2": 0,
        "bulletsCount3": 0,
        "props": {
          "army": 2,
          "count": 1,
          "formation_type": "rows",
          "formation_div": 3,
          "formation_step": [2.5,2.0],
          "formation_noise": [0.1,0.1],
          "uniqueName": "",
          "attack_type": "fire_at_will"
        },
        "way": []
      }
    },
    {
      "ships": {
        "name": "capture_buoy77",
        "tm": [
          [0.960795,0.0,-0.277257],
          [0.0,1.0,0.0],
          [0.277257,0.0,0.960795],
          [4198.47,-0.000293732,-211.042]
        ],
        "unit_class": "buoy_a",
        "objLayer": 1,
        "closed_waypoints": false,
        "isShipSpline": false,
        "shipTurnRadius": 100.0,
        "weapons": "",
        "bullets0": "",
        "bullets1": "",
        "bullets2": "",
        "bullets3": "",
        "bulletsCount0": 0,
        "bulletsCount1": 0,
        "bulletsCount2": 0,
        "bulletsCount3": 0,
        "props": {
          "army": 2,
          "count": 1,
          "formation_type": "rows",
          "formation_div": 3,
          "formation_step": [2.5,2.0],
          "formation_noise": [0.1,0.1],
          "uniqueName": "",
          "attack_type": "fire_at_will"
        },
        "way": []
      }
    },
    {
      "ships": {
        "name": "capture_buoy78",
        "tm": [
          [-0.997707,0.0,0.0676738],
          [0.0,1.0,0.0],
          [-0.0676738,0.0,-0.997707],
          [4853.76,-0.000213623,1.04486]
        ],
        "unit_class": "buoy_a",
        "objLayer": 1,
        "closed_waypoints": false,
        "isShipSpline": false,
        "shipTurnRadius": 100.0,
        "weapons": "",
        "bullets0": "",
        "bullets1": "",
        "bullets2": "",
        "bullets3": "",
        "bulletsCount0": 0,
        "bulletsCount1": 0,
        "bulletsCount2": 0,
        "bulletsCount3": 0,
        "props": {
          "army": 2,
          "count": 1,
          "formation_type": "rows",
          "formation_div": 3,
          "formation_step": [2.5,2.0],
          "formation_noise": [0.1,0.1],
          "uniqueName": "",
          "attack_type": "fire_at_will"
        },
        "way": []
      }
    },
    {
      "ships": {
        "name": "capture_buoy79",
        "tm": [
          [-0.997707,0.0,0.0676738],
          [0.0,1.0,0.0],
          [-0.0676738,0.0,-0.997707],
          [4645.89,-0.000213623,437.216]
        ],
        "unit_class": "buoy_a",
        "objLayer": 1,
        "closed_waypoints": false,
        "isShipSpline": false,
        "shipTurnRadius": 100.0,
        "weapons": "",
        "bullets0": "",
        "bullets1": "",
        "bullets2": "",
        "bullets3": "",
        "bulletsCount0": 0,
        "bulletsCount1": 0,
        "bulletsCount2": 0,
        "bulletsCount3": 0,
        "props": {
          "army": 2,
          "count": 1,
          "formation_type": "rows",
          "formation_div": 3,
          "formation_step": [2.5,2.0],
          "formation_noise": [0.1,0.1],
          "uniqueName": "",
          "attack_type": "fire_at_will"
        },
        "way": []
      }
    },
    {
      "ships": {
        "name": "capture_buoy54",
        "tm": [
          [0.67134,0.0,0.741149],
          [0.0,1.0,0.0],
          [-0.741149,0.0,0.67134],
          [4544.9,-0.000396729,473.138]
        ],
        "unit_class": "buoy_a",
        "objLayer": 1,
        "closed_waypoints": false,
        "isShipSpline": false,
        "shipTurnRadius": 100.0,
        "weapons": "",
        "bullets0": "",
        "bullets1": "",
        "bullets2": "",
        "bullets3": "",
        "bulletsCount0": 0,
        "bulletsCount1": 0,
        "bulletsCount2": 0,
        "bulletsCount3": 0,
        "props": {
          "army": 2,
          "count": 1,
          "formation_type": "rows",
          "formation_div": 3,
          "formation_step": [2.5,2.0],
          "formation_noise": [0.1,0.1],
          "uniqueName": "",
          "attack_type": "fire_at_will"
        },
        "way": []
      }
    },
    {
      "ships": {
        "name": "capture_buoy106",
        "tm": [
          [0.890506,0.0,-0.454972],
          [0.0,1.0,0.0],
          [0.454972,0.0,0.890506],
          [6154.53,-0.000244141,3804.27]
        ],
        "unit_class": "buoy_a",
        "objLayer": 1,
        "closed_waypoints": false,
        "isShipSpline": false,
        "shipTurnRadius": 100.0,
        "weapons": "",
        "bullets0": "",
        "bullets1": "",
        "bullets2": "",
        "bullets3": "",
        "bulletsCount0": 0,
        "bulletsCount1": 0,
        "bulletsCount2": 0,
        "bulletsCount3": 0,
        "props": {
          "army": 2,
          "count": 1,
          "formation_type": "rows",
          "formation_div": 3,
          "formation_step": [2.5,2.0],
          "formation_noise": [0.1,0.1],
          "uniqueName": "",
          "attack_type": "fire_at_will"
        },
        "way": []
      }
    },
    {
      "ships": {
        "name": "capture_buoy107",
        "tm": [
          [0.890506,0.0,-0.454972],
          [0.0,1.0,0.0],
          [0.454972,0.0,0.890506],
          [6738.2,-0.000244141,3121.74]
        ],
        "unit_class": "buoy_a",
        "objLayer": 1,
        "closed_waypoints": false,
        "isShipSpline": false,
        "shipTurnRadius": 100.0,
        "weapons": "",
        "bullets0": "",
        "bullets1": "",
        "bullets2": "",
        "bullets3": "",
        "bulletsCount0": 0,
        "bulletsCount1": 0,
        "bulletsCount2": 0,
        "bulletsCount3": 0,
        "props": {
          "army": 2,
          "count": 1,
          "formation_type": "rows",
          "formation_div": 3,
          "formation_step": [2.5,2.0],
          "formation_noise": [0.1,0.1],
          "uniqueName": "",
          "attack_type": "fire_at_will"
        },
        "way": []
      }
    },
    {
      "ships": {
        "name": "capture_buoy108",
        "tm": [
          [0.88015,0.0,0.474696],
          [0.0,1.0,0.0],
          [-0.474696,0.0,0.88015],
          [6622.46,-0.381775,3479.75]
        ],
        "unit_class": "buoy_a",
        "objLayer": 1,
        "closed_waypoints": false,
        "isShipSpline": false,
        "shipTurnRadius": 100.0,
        "weapons": "",
        "bullets0": "",
        "bullets1": "",
        "bullets2": "",
        "bullets3": "",
        "bulletsCount0": 0,
        "bulletsCount1": 0,
        "bulletsCount2": 0,
        "bulletsCount3": 0,
        "props": {
          "army": 2,
          "count": 1,
          "formation_type": "rows",
          "formation_div": 3,
          "formation_step": [2.5,2.0],
          "formation_noise": [0.1,0.1],
          "uniqueName": "",
          "attack_type": "fire_at_will"
        },
        "way": []
      }
    },
    {
      "ships": {
        "name": "capture_buoy109",
        "tm": [
          [0.454972,0.0,0.890506],
          [0.0,1.0,0.0],
          [-0.890506,0.0,0.454972],
          [5446.62,-0.000183106,3579.96]
        ],
        "unit_class": "buoy_a",
        "objLayer": 1,
        "closed_waypoints": false,
        "isShipSpline": false,
        "shipTurnRadius": 100.0,
        "weapons": "",
        "bullets0": "",
        "bullets1": "",
        "bullets2": "",
        "bullets3": "",
        "bulletsCount0": 0,
        "bulletsCount1": 0,
        "bulletsCount2": 0,
        "bulletsCount3": 0,
        "props": {
          "army": 2,
          "count": 1,
          "formation_type": "rows",
          "formation_div": 3,
          "formation_step": [2.5,2.0],
          "formation_noise": [0.1,0.1],
          "uniqueName": "",
          "attack_type": "fire_at_will"
        },
        "way": []
      }
    },
    {
      "ships": {
        "name": "capture_buoy110",
        "tm": [
          [0.307969,0.0,-0.951397],
          [0.0,1.0,0.0],
          [0.951397,0.0,0.307969],
          [5284.12,-0.000366211,2847.63]
        ],
        "unit_class": "buoy_a",
        "objLayer": 1,
        "closed_waypoints": false,
        "isShipSpline": false,
        "shipTurnRadius": 100.0,
        "weapons": "",
        "bullets0": "",
        "bullets1": "",
        "bullets2": "",
        "bullets3": "",
        "bulletsCount0": 0,
        "bulletsCount1": 0,
        "bulletsCount2": 0,
        "bulletsCount3": 0,
        "props": {
          "army": 2,
          "count": 1,
          "formation_type": "rows",
          "formation_div": 3,
          "formation_step": [2.5,2.0],
          "formation_noise": [0.1,0.1],
          "uniqueName": "",
          "attack_type": "fire_at_will"
        },
        "way": []
      }
    },
    {
      "ships": {
        "name": "capture_buoy111",
        "tm": [
          [0.556144,0.0,0.831086],
          [0.0,1.0,0.0],
          [-0.831086,0.0,0.556144],
          [5592.45,-0.382141,3709.02]
        ],
        "unit_class": "buoy_a",
        "objLayer": 1,
        "closed_waypoints": false,
        "isShipSpline": false,
        "shipTurnRadius": 100.0,
        "weapons": "",
        "bullets0": "",
        "bullets1": "",
        "bullets2": "",
        "bullets3": "",
        "bulletsCount0": 0,
        "bulletsCount1": 0,
        "bulletsCount2": 0,
        "bulletsCount3": 0,
        "props": {
          "army": 2,
          "count": 1,
          "formation_type": "rows",
          "formation_div": 3,
          "formation_step": [2.5,2.0],
          "formation_noise": [0.1,0.1],
          "uniqueName": "",
          "attack_type": "fire_at_will"
        },
        "way": []
      }
    },
    {
      "ships": {
        "name": "capture_buoy112",
        "tm": [
          [0.307969,0.0,-0.951397],
          [0.0,1.0,0.0],
          [0.951397,0.0,0.307969],
          [6037.68,-0.000427246,2333.36]
        ],
        "unit_class": "buoy_a",
        "objLayer": 1,
        "closed_waypoints": false,
        "isShipSpline": false,
        "shipTurnRadius": 100.0,
        "weapons": "",
        "bullets0": "",
        "bullets1": "",
        "bullets2": "",
        "bullets3": "",
        "bulletsCount0": 0,
        "bulletsCount1": 0,
        "bulletsCount2": 0,
        "bulletsCount3": 0,
        "props": {
          "army": 2,
          "count": 1,
          "formation_type": "rows",
          "formation_div": 3,
          "formation_step": [2.5,2.0],
          "formation_noise": [0.1,0.1],
          "uniqueName": "",
          "attack_type": "fire_at_will"
        },
        "way": []
      }
    },
    {
      "ships": {
        "name": "capture_buoy113",
        "tm": [
          [0.701974,0.0,0.712202],
          [0.0,1.0,0.0],
          [-0.712202,0.0,0.701974],
          [6496.61,-0.381592,3630.77]
        ],
        "unit_class": "buoy_a",
        "objLayer": 1,
        "closed_waypoints": false,
        "isShipSpline": false,
        "shipTurnRadius": 100.0,
        "weapons": "",
        "bullets0": "",
        "bullets1": "",
        "bullets2": "",
        "bullets3": "",
        "bulletsCount0": 0,
        "bulletsCount1": 0,
        "bulletsCount2": 0,
        "bulletsCount3": 0,
        "props": {
          "army": 2,
          "count": 1,
          "formation_type": "rows",
          "formation_div": 3,
          "formation_step": [2.5,2.0],
          "formation_noise": [0.1,0.1],
          "uniqueName": "",
          "attack_type": "fire_at_will"
        },
        "way": []
      }
    },
    {
      "ships": {
        "name": "capture_buoy114",
        "tm": [
          [0.626133,0.0,-0.779715],
          [0.0,1.0,0.0],
          [0.779715,0.0,0.626133],
          [5365.4,-0.000122071,2671.5]
        ],
        "unit_class": "buoy_a",
        "objLayer": 1,
        "closed_waypoints": false,
        "isShipSpline": false,
        "shipTurnRadius": 100.0,
        "weapons": "",
        "bullets0": "",
        "bullets1": "",
        "bullets2": "",
        "bullets3": "",
        "bulletsCount0": 0,
        "bulletsCount1": 0,
        "bulletsCount2": 0,
        "bulletsCount3": 0,
        "props": {
          "army": 2,
          "count": 1,
          "formation_type": "rows",
          "formation_div": 3,
          "formation_step": [2.5,2.0],
          "formation_noise": [0.1,0.1],
          "uniqueName": "",
          "attack_type": "fire_at_will"
        },
        "way": []
      }
    },
    {
      "ships": {
        "name": "capture_buoy115",
        "tm": [
          [0.626133,0.0,-0.779715],
          [0.0,1.0,0.0],
          [0.779715,0.0,0.626133],
          [6400.45,-0.000244141,2453.12]
        ],
        "unit_class": "buoy_a",
        "objLayer": 1,
        "closed_waypoints": false,
        "isShipSpline": false,
        "shipTurnRadius": 100.0,
        "weapons": "",
        "bullets0": "",
        "bullets1": "",
        "bullets2": "",
        "bullets3": "",
        "bulletsCount0": 0,
        "bulletsCount1": 0,
        "bulletsCount2": 0,
        "bulletsCount3": 0,
        "props": {
          "army": 2,
          "count": 1,
          "formation_type": "rows",
          "formation_div": 3,
          "formation_step": [2.5,2.0],
          "formation_noise": [0.1,0.1],
          "uniqueName": "",
          "attack_type": "fire_at_will"
        },
        "way": []
      }
    },
    {
      "ships": {
