{
  "selected_tag": "",
  "bin_dump_file": "",
  "mission_settings": {
    "atmosphere": {
      "pressure": 760.0,
      "temperature": 15.0
    },
    "player": {
      "army": 1,
      "wing": ""
    },
    "player_teamB": {
      "army": 2
    },
    "mission": {
      "name": "untitled",
      "level": "levels/water.bin",
      "type": "singleMission",
      "restoreType": "attempts",
      "optionalTakeOff": false,
      "campaign": "UserMissions",
      "environment": "Day",
      "weather": "hazy",
      "missionDebriefing": "",
      "missionBriefing": "",
      "tags": [],
      "missionType": {
        "_Dom": false,
        "_Conq": false,
        "_Bttl": false,
        "_Bto": false,
        "_Flc": false,
        "_v1_race_straight": false,
        "_v1_race_inverted": false,
        "_v2_race_straight": false,
        "_v2_race_inverted": false,
        "_Conq1": false,
        "_Conq2": false,
        "_Conq3": false,
        "_Conq4": false,
        "_Conq5": false,
        "_Conq6": false,
        "_DBttl": false,
        "_DBttlA": false,
        "_DBttlB": false,
        "_CnvA": false,
        "_CnvB": false,
        "_ArtDA": false,
        "_ArtDB": false
      }
    },
    "spectator_points": [],
    "cover_points": [],
    "aiParams": {
      "aiEffectivenessViscosity": 90.0,
      "effectivenessDistances": [2500.0,7000.0]
    }
  },
  "imports": [
    {
      "import_record": {
        "file": "gameData/missions/templates/tank_templates/air_spawn_template.blk",
        "importAreas": true,
        "importUnits": true,
        "importTriggers": true,
        "importMissionObjectives": true,
        "importWayPoints": true,
        "showAreas": true,
        "showUnits": true,
        "showTriggers": true,
        "showMissionObjectives": true,
        "showWayPoints": true,
        "excludes": []
      }
    },
    {
      "import_record": {
        "file": "gameData/missions/cta/tanks/berlin/template_berlin_heli_spawn.blk",
        "rankRange": [21,50],
        "importAreas": true,
        "importUnits": true,
        "importTriggers": true,
        "importMissionObjectives": true,
        "importWayPoints": true,
        "showAreas": true,
        "showUnits": true,
        "showTriggers": true,
        "showMissionObjectives": true,
        "showWayPoints": true,
        "excludes": []
      }
    }
  ],
  "triggers": {
    "isCategory": true,
    "is_enabled": true
  },
  "mission_objectives": {
    "isCategory": true,
    "is_enabled": true
  },
  "variables": [],
  "dialogs": [],
  "airfields": [],
  "effects": [],
  "units": [
    {
      "air_defence": {
        "name": "t1_airfield_aaa01",
        "tm": [
          [-0.360341,0.0,-0.93282],
          [0.0,1.0,0.0],
          [0.93282,0.0,-0.360341],
          [-3518.72,68.2567,10307.6]
        ],
        "unit_class": "ussr_37mm_61k_airfield",
        "objLayer": 1,
        "closed_waypoints": false,
        "isShipSpline": false,
        "shipTurnRadius": 100.0,
        "weapons": "",
        "bullets0": "",
        "bullets1": "",
        "bullets2": "",
        "bullets3": "",
        "bulletsCount0": 0,
        "bulletsCount1": 0,
        "bulletsCount2": 0,
        "bulletsCount3": 0,
        "props": {
          "army": 1,
          "count": 1,
          "formation_type": "rows",
          "formation_div": 3,
          "formation_step": [2.5,2.0],
          "formation_noise": [0.1,0.1],
          "uniqueName": "",
          "attack_type": "fire_at_will"
        },
        "way": []
      }
    },
    {
      "air_defence": {
        "name": "t1_airfield_aaa02",
        "tm": [
          [-0.360341,0.0,-0.93282],
          [0.0,1.0,0.0],
          [0.93282,0.0,-0.360341],
          [-3351.35,67.083,10741.3]
        ],
        "unit_class": "ussr_37mm_61k_airfield",
        "objLayer": 1,
        "closed_waypoints": false,
        "isShipSpline": false,
        "shipTurnRadius": 100.0,
        "weapons": "",
        "bullets0": "",
        "bullets1": "",
        "bullets2": "",
        "bullets3": "",
        "bulletsCount0": 0,
        "bulletsCount1": 0,
        "bulletsCount2": 0,
        "bulletsCount3": 0,
        "props": {
          "army": 1,
          "count": 1,
          "formation_type": "rows",
          "formation_div": 3,
          "formation_step": [2.5,2.0],
          "formation_noise": [0.1,0.1],
          "uniqueName": "",
          "attack_type": "fire_at_will"
        },
        "way": []
      }
    },
    {
      "air_defence": {
        "name": "t1_airfield_aaa03",
        "tm": [
          [-0.360341,0.0,-0.93282],
          [0.0,1.0,0.0],
          [0.93282,0.0,-0.360341],
          [-3179.71,69.4709,10622.2]
        ],
        "unit_class": "ussr_37mm_61k_airfield",
        "objLayer": 1,
        "closed_waypoints": false,
        "isShipSpline": false,
        "shipTurnRadius": 100.0,
        "weapons": "",
        "bullets0": "",
        "bullets1": "",
        "bullets2": "",
        "bullets3": "",
        "bulletsCount0": 0,
        "bulletsCount1": 0,
        "bulletsCount2": 0,
        "bulletsCount3": 0,
        "props": {
          "army": 1,
          "count": 1,
          "formation_type": "rows",
          "formation_div": 3,
          "formation_step": [2.5,2.0],
          "formation_noise": [0.1,0.1],
          "uniqueName": "",
          "attack_type": "fire_at_will"
        },
        "way": []
      }
    },
    {
      "air_defence": {
        "name": "t1_airfield_aaa04",
        "tm": [
          [-0.360341,0.0,-0.93282],
          [0.0,1.0,0.0],
          [0.93282,0.0,-0.360341],
          [-2888.13,40.9249,10364.4]
        ],
        "unit_class": "ussr_37mm_61k_airfield",
        "objLayer": 1,
        "closed_waypoints": false,
        "isShipSpline": false,
        "shipTurnRadius": 100.0,
        "weapons": "",
        "bullets0": "",
        "bullets1": "",
        "bullets2": "",
        "bullets3": "",
        "bulletsCount0": 0,
        "bulletsCount1": 0,
        "bulletsCount2": 0,
        "bulletsCount3": 0,
        "props": {
          "army": 1,
          "count": 1,
          "formation_type": "rows",
          "formation_div": 3,
          "formation_step": [2.5,2.0],
          "formation_noise": [0.1,0.1],
          "uniqueName": "",
          "attack_type": "fire_at_will"
        },
        "way": []
      }
    },
    {
      "air_defence": {
        "name": "t1_airfield_aaa05",
        "tm": [
          [-0.360341,0.0,-0.93282],
          [0.0,1.0,0.0],
          [0.93282,0.0,-0.360341],
          [-2711.12,44.4837,10561.8]
        ],
        "unit_class": "ussr_37mm_61k_airfield",
        "objLayer": 1,
        "closed_waypoints": false,
        "isShipSpline": false,
        "shipTurnRadius": 100.0,
        "weapons": "",
        "bullets0": "",
        "bullets1": "",
        "bullets2": "",
        "bullets3": "",
        "bulletsCount0": 0,
        "bulletsCount1": 0,
        "bulletsCount2": 0,
        "bulletsCount3": 0,
        "props": {
          "army": 1,
          "count": 1,
          "formation_type": "rows",
          "formation_div": 3,
          "formation_step": [2.5,2.0],
          "formation_noise": [0.1,0.1],
          "uniqueName": "",
          "attack_type": "fire_at_will"
        },
        "way": []
      }
    },
    {
      "air_defence": {
        "name": "t1_airfield_aaa06",
        "tm": [
          [-0.360341,0.0,-0.93282],
          [0.0,1.0,0.0],
          [0.93282,0.0,-0.360341],
          [-3266.66,67.6438,10291.5]
        ],
        "unit_class": "ussr_37mm_61k_airfield",
        "objLayer": 1,
        "closed_waypoints": false,
        "isShipSpline": false,
        "shipTurnRadius": 100.0,
        "weapons": "",
        "bullets0": "",
        "bullets1": "",
        "bullets2": "",
        "bullets3": "",
        "bulletsCount0": 0,
        "bulletsCount1": 0,
        "bulletsCount2": 0,
        "bulletsCount3": 0,
        "props": {
          "army": 1,
          "count": 1,
          "formation_type": "rows",
          "formation_div": 3,
          "formation_step": [2.5,2.0],
          "formation_noise": [0.1,0.1],
          "uniqueName": "",
          "attack_type": "fire_at_will"
        },
        "way": []
      }
    },
    {
      "air_defence": {
        "name": "t1_airfield_aaa07",
        "tm": [
          [-0.360341,0.0,-0.93282],
          [0.0,1.0,0.0],
          [0.93282,0.0,-0.360341],
          [-3028.01,47.2649,9844.52]
        ],
        "unit_class": "ussr_37mm_61k_airfield",
        "objLayer": 1,
        "closed_waypoints": false,
        "isShipSpline": false,
        "shipTurnRadius": 100.0,
        "weapons": "",
        "bullets0": "",
        "bullets1": "",
        "bullets2": "",
        "bullets3": "",
        "bulletsCount0": 0,
        "bulletsCount1": 0,
        "bulletsCount2": 0,
        "bulletsCount3": 0,
        "props": {
          "army": 1,
          "count": 1,
          "formation_type": "rows",
          "formation_div": 3,
          "formation_step": [2.5,2.0],
          "formation_noise": [0.1,0.1],
          "uniqueName": "",
          "attack_type": "fire_at_will"
        },
        "way": []
      }
    },
    {
      "air_defence": {
        "name": "t1_airfield_aaa08",
        "tm": [
          [-0.360341,0.0,-0.93282],
          [0.0,1.0,0.0],
          [0.93282,0.0,-0.360341],
          [-2952.81,48.3457,10003.6]
        ],
        "unit_class": "ussr_37mm_61k_airfield",
        "objLayer": 1,
        "closed_waypoints": false,
        "isShipSpline": false,
        "shipTurnRadius": 100.0,
        "weapons": "",
        "bullets0": "",
        "bullets1": "",
        "bullets2": "",
        "bullets3": "",
        "bulletsCount0": 0,
        "bulletsCount1": 0,
        "bulletsCount2": 0,
        "bulletsCount3": 0,
        "props": {
          "army": 1,
          "count": 1,
          "formation_type": "rows",
          "formation_div": 3,
          "formation_step": [2.5,2.0],
          "formation_noise": [0.1,0.1],
          "uniqueName": "",
          "attack_type": "fire_at_will"
        },
        "way": []
      }
    },
    {
      "air_defence": {
        "name": "t1_airfield_aaa09",
        "tm": [
          [-0.360341,0.0,-0.93282],
          [0.0,1.0,0.0],
          [0.93282,0.0,-0.360341],
          [-3322.78,55.0515,10081.8]
        ],
        "unit_class": "ussr_37mm_61k_airfield",
        "objLayer": 1,
        "closed_waypoints": false,
        "isShipSpline": false,
        "shipTurnRadius": 100.0,
        "weapons": "",
        "bullets0": "",
        "bullets1": "",
        "bullets2": "",
        "bullets3": "",
        "bulletsCount0": 0,
        "bulletsCount1": 0,
        "bulletsCount2": 0,
        "bulletsCount3": 0,
        "props": {
          "army": 1,
          "count": 1,
          "formation_type": "rows",
          "formation_div": 3,
          "formation_step": [2.5,2.0],
          "formation_noise": [0.1,0.1],
          "uniqueName": "",
          "attack_type": "fire_at_will"
        },
        "way": []
      }
    },
    {
      "air_defence": {
        "name": "t1_airfield_aaa10",
        "tm": [
          [-0.360341,0.0,-0.93282],
          [0.0,1.0,0.0],
          [0.93282,0.0,-0.360341],
          [-2773.04,44.9398,10210.0]
        ],
        "unit_class": "ussr_37mm_61k_airfield",
        "objLayer": 1,
        "closed_waypoints": false,
        "isShipSpline": false,
        "shipTurnRadius": 100.0,
        "weapons": "",
        "bullets0": "",
        "bullets1": "",
        "bullets2": "",
        "bullets3": "",
        "bulletsCount0": 0,
        "bulletsCount1": 0,
        "bulletsCount2": 0,
        "bulletsCount3": 0,
        "props": {
          "army": 1,
          "count": 1,
          "formation_type": "rows",
          "formation_div": 3,
          "formation_step": [2.5,2.0],
          "formation_noise": [0.1,0.1],
          "uniqueName": "",
          "attack_type": "fire_at_will"
        },
        "way": []
      }
    },
    {
      "air_defence": {
        "name": "t2_airfield_aaa01",
        "tm": [
          [0.378613,0.0,-0.925555],
          [0.0,1.0,0.0],
          [0.925555,0.0,0.378613],
          [5592.24,49.9309,-7439.91]
        ],
        "unit_class": "germ_37mm_flak43_airfield",
        "objLayer": 1,
        "closed_waypoints": false,
        "isShipSpline": false,
        "shipTurnRadius": 100.0,
        "weapons": "",
        "bullets0": "",
        "bullets1": "",
        "bullets2": "",
        "bullets3": "",
        "bulletsCount0": 0,
        "bulletsCount1": 0,
        "bulletsCount2": 0,
        "bulletsCount3": 0,
        "props": {
          "army": 2,
          "count": 1,
          "formation_type": "rows",
          "formation_div": 3,
          "formation_step": [2.5,2.0],
          "formation_noise": [0.1,0.1],
          "uniqueName": "",
          "attack_type": "fire_at_will"
        },
        "way": []
      }
    },
    {
      "air_defence": {
        "name": "t2_airfield_aaa02",
        "tm": [
          [0.378613,0.0,-0.925555],
          [0.0,1.0,0.0],
          [0.925555,0.0,0.378613],
          [5002.58,72.05,-8763.33]
        ],
        "unit_class": "germ_37mm_flak43_airfield",
        "objLayer": 1,
        "closed_waypoints": false,
        "isShipSpline": false,
        "shipTurnRadius": 100.0,
        "weapons": "",
        "bullets0": "",
        "bullets1": "",
        "bullets2": "",
        "bullets3": "",
        "bulletsCount0": 0,
        "bulletsCount1": 0,
        "bulletsCount2": 0,
        "bulletsCount3": 0,
        "props": {
          "army": 2,
          "count": 1,
          "formation_type": "rows",
          "formation_div": 3,
          "formation_step": [2.5,2.0],
          "formation_noise": [0.1,0.1],
          "uniqueName": "",
          "attack_type": "fire_at_will"
        },
        "way": []
      }
    },
    {
      "air_defence": {
        "name": "t2_airfield_aaa03",
        "tm": [
          [0.378613,0.0,-0.925555],
          [0.0,1.0,0.0],
          [0.925555,0.0,0.378613],
          [4406.59,59.1165,-7791.36]
        ],
        "unit_class": "germ_37mm_flak43_airfield",
        "objLayer": 1,
        "closed_waypoints": false,
        "isShipSpline": false,
        "shipTurnRadius": 100.0,
        "weapons": "",
        "bullets0": "",
        "bullets1": "",
        "bullets2": "",
        "bullets3": "",
        "bulletsCount0": 0,
        "bulletsCount1": 0,
        "bulletsCount2": 0,
        "bulletsCount3": 0,
        "props": {
          "army": 2,
          "count": 1,
          "formation_type": "rows",
          "formation_div": 3,
          "formation_step": [2.5,2.0],
          "formation_noise": [0.1,0.1],
          "uniqueName": "",
          "attack_type": "fire_at_will"
        },
        "way": []
      }
    },
    {
      "air_defence": {
        "name": "t2_airfield_aaa04",
        "tm": [
          [0.378613,0.0,-0.925555],
          [0.0,1.0,0.0],
          [0.925555,0.0,0.378613],
          [4827.36,46.2582,-8341.76]
        ],
        "unit_class": "germ_37mm_flak43_airfield",
        "objLayer": 1,
        "closed_waypoints": false,
        "isShipSpline": false,
        "shipTurnRadius": 100.0,
        "weapons": "",
        "bullets0": "",
        "bullets1": "",
        "bullets2": "",
        "bullets3": "",
        "bulletsCount0": 0,
        "bulletsCount1": 0,
        "bulletsCount2": 0,
        "bulletsCount3": 0,
        "props": {
          "army": 2,
          "count": 1,
          "formation_type": "rows",
          "formation_div": 3,
          "formation_step": [2.5,2.0],
          "formation_noise": [0.1,0.1],
          "uniqueName": "",
          "attack_type": "fire_at_will"
        },
        "way": []
      }
    },
    {
      "air_defence": {
        "name": "t2_airfield_aaa05",
        "tm": [
          [0.378613,0.0,-0.925555],
          [0.0,1.0,0.0],
          [0.925555,0.0,0.378613],
          [5690.54,47.449,-7759.97]
        ],
        "unit_class": "germ_37mm_flak43_airfield",
        "objLayer": 1,
        "closed_waypoints": false,
        "isShipSpline": false,
        "shipTurnRadius": 100.0,
        "weapons": "",
        "bullets0": "",
        "bullets1": "",
        "bullets2": "",
        "bullets3": "",
        "bulletsCount0": 0,
        "bulletsCount1": 0,
        "bulletsCount2": 0,
        "bulletsCount3": 0,
        "props": {
          "army": 2,
          "count": 1,
          "formation_type": "rows",
          "formation_div": 3,
          "formation_step": [2.5,2.0],
          "formation_noise": [0.1,0.1],
          "uniqueName": "",
          "attack_type": "fire_at_will"
        },
        "way": []
      }
    },
    {
      "air_defence": {
        "name": "t2_airfield_aaa06",
        "tm": [
          [0.378613,0.0,-0.925555],
          [0.0,1.0,0.0],
          [0.925555,0.0,0.378613],
          [5777.42,69.2522,-8443.63]
        ],
        "unit_class": "germ_37mm_flak43_airfield",
        "objLayer": 1,
        "closed_waypoints": false,
        "isShipSpline": false,
        "shipTurnRadius": 100.0,
        "weapons": "",
        "bullets0": "",
        "bullets1": "",
        "bullets2": "",
        "bullets3": "",
        "bulletsCount0": 0,
        "bulletsCount1": 0,
        "bulletsCount2": 0,
        "bulletsCount3": 0,
        "props": {
          "army": 2,
          "count": 1,
          "formation_type": "rows",
          "formation_div": 3,
          "formation_step": [2.5,2.0],
          "formation_noise": [0.1,0.1],
          "uniqueName": "",
          "attack_type": "fire_at_will"
        },
        "way": []
      }
    },
    {
      "air_defence": {
        "name": "t2_airfield_aaa07",
        "tm": [
          [0.378613,0.0,-0.925555],
          [0.0,1.0,0.0],
          [0.925555,0.0,0.378613],
          [5310.69,46.9167,-7050.42]
        ],
        "unit_class": "germ_37mm_flak43_airfield",
        "objLayer": 1,
        "closed_waypoints": false,
        "isShipSpline": false,
        "shipTurnRadius": 100.0,
        "weapons": "",
        "bullets0": "",
        "bullets1": "",
        "bullets2": "",
        "bullets3": "",
        "bulletsCount0": 0,
        "bulletsCount1": 0,
        "bulletsCount2": 0,
        "bulletsCount3": 0,
        "props": {
          "army": 2,
          "count": 1,
          "formation_type": "rows",
          "formation_div": 3,
          "formation_step": [2.5,2.0],
          "formation_noise": [0.1,0.1],
          "uniqueName": "",
          "attack_type": "fire_at_will"
        },
        "way": []
      }
    },
    {
      "air_defence": {
        "name": "t2_airfield_aaa08",
        "tm": [
          [0.378613,0.0,-0.925555],
          [0.0,1.0,0.0],
          [0.925555,0.0,0.378613],
          [4555.59,54.4505,-8327.88]
        ],
        "unit_class": "germ_37mm_flak43_airfield",
        "objLayer": 1,
        "closed_waypoints": false,
        "isShipSpline": false,
        "shipTurnRadius": 100.0,
        "weapons": "",
        "bullets0": "",
        "bullets1": "",
        "bullets2": "",
        "bullets3": "",
        "bulletsCount0": 0,
        "bulletsCount1": 0,
        "bulletsCount2": 0,
        "bulletsCount3": 0,
        "props": {
          "army": 2,
          "count": 1,
          "formation_type": "rows",
          "formation_div": 3,
          "formation_step": [2.5,2.0],
          "formation_noise": [0.1,0.1],
          "uniqueName": "",
          "attack_type": "fire_at_will"
        },
        "way": []
      }
    },
    {
      "air_defence": {
        "name": "t2_airfield_aaa09",
        "tm": [
          [0.378613,0.0,-0.925555],
          [0.0,1.0,0.0],
          [0.925555,0.0,0.378613],
          [5211.22,72.05,-8902.34]
        ],
        "unit_class": "germ_37mm_flak43_airfield",
        "objLayer": 1,
        "closed_waypoints": false,
        "isShipSpline": false,
        "shipTurnRadius": 100.0,
        "weapons": "",
        "bullets0": "",
        "bullets1": "",
        "bullets2": "",
        "bullets3": "",
        "bulletsCount0": 0,
        "bulletsCount1": 0,
        "bulletsCount2": 0,
        "bulletsCount3": 0,
        "props": {
          "army": 2,
          "count": 1,
          "formation_type": "rows",
          "formation_div": 3,
          "formation_step": [2.5,2.0],
          "formation_noise": [0.1,0.1],
          "uniqueName": "",
          "attack_type": "fire_at_will"
        },
        "way": []
      }
    },
    {
      "air_defence": {
        "name": "t2_airfield_aaa10",
        "tm": [
          [0.378613,0.0,-0.925555],
          [0.0,1.0,0.0],
          [0.925555,0.0,0.378613],
          [5606.73,67.6775,-8146.49]
        ],
        "unit_class": "germ_37mm_flak43_airfield",
        "objLayer": 1,
        "closed_waypoints": false,
        "isShipSpline": false,
        "shipTurnRadius": 100.0,
        "weapons": "",
        "bullets0": "",
        "bullets1": "",
        "bullets2": "",
        "bullets3": "",
        "bulletsCount0": 0,
        "bulletsCount1": 0,
        "bulletsCount2": 0,
        "bulletsCount3": 0,
        "props": {
          "army": 2,
          "count": 1,
          "formation_type": "rows",
          "formation_div": 3,
          "formation_step": [2.5,2.0],
          "formation_noise": [0.1,0.1],
          "uniqueName": "",
          "attack_type": "fire_at_will"
        },
        "way": []
      }
    },
    {
      "squad": {
        "name": "t1_airfield_aaa_squad",
        "tm": [
          [1.0,0.0,0.0],
          [0.0,1.0,0.0],
          [0.0,0.0,1.0],
          [-462.08,72.0,8273.42]
        ],
        "props": [
          {
            "squad_members": "t1_airfield_aaa01"
          },
          {
            "squad_members": "t1_airfield_aaa02"
          },
          {
            "squad_members": "t1_airfield_aaa03"
          },
          {
            "squad_members": "t1_airfield_aaa04"
          },
          {
            "squad_members": "t1_airfield_aaa05"
          },
          {
            "squad_members": "t1_airfield_aaa06"
          },
          {
            "squad_members": "t1_airfield_aaa07"
          },
          {
            "squad_members": "t1_airfield_aaa08"
          },
          {
            "squad_members": "t1_airfield_aaa09"
          },
          {
            "squad_members": "t1_airfield_aaa10"
          }
        ]
      }
    },
    {
      "squad": {
        "name": "t2_airfield_aaa_squad",
        "tm": [
          [1.0,0.0,0.0],
          [0.0,1.0,0.0],
          [0.0,0.0,1.0],
          [6576.84,72.0,-5354.19]
        ],
        "props": [
          {
            "squad_members": "t2_airfield_aaa01"
          },
          {
            "squad_members": "t2_airfield_aaa02"
          },
          {
            "squad_members": "t2_airfield_aaa03"
          },
          {
            "squad_members": "t2_airfield_aaa04"
          },
          {
            "squad_members": "t2_airfield_aaa05"
          },
          {
            "squad_members": "t2_airfield_aaa06"
          },
          {
            "squad_members": "t2_airfield_aaa07"
          },
          {
            "squad_members": "t2_airfield_aaa08"
          },
          {
            "squad_members": "t2_airfield_aaa09"
          },
          {
            "squad_members": "t2_airfield_aaa10"
          }
        ]
      }
    },
    {
      "objectGroups": {
        "name": "t1_airfield",
        "tm": [
          [-0.783282,0.0,0.621667],
          [0.0,1.0,0.0],
          [-0.621667,0.0,-0.783282],
          [-3284.07,68.8495,10383.9]
        ],
        "unit_class": "dynAF_kh_gol_airfield_gumrak",
        "objLayer": 2,
        "props": {
          "army": 1,
          "active": true
        }
      }
    },
    {
      "objectGroups": {
        "name": "t2_airfield",
        "tm": [
          [0.3274,0.0,-0.944886],
          [0.0,1.0,0.0],
          [0.944886,0.0,0.3274],
          [5307.69,60.9751,-7974.88]
        ],
        "unit_class": "dynAF_kh_gol_airfield_gumrak",
        "objLayer": 2,
        "props": {
          "army": 2,
          "active": true
        }
      }
    },
    {
      "objectGroups": {
        "name": "objectGroups_01",
        "tm": [
          [1.0,0.0,0.0],
          [0.0,1.0,0.0],
          [0.0,0.0,1.0],
          [3021.75,45.65,792.3]
        ],
        "unit_class": "czech_hedgehog_dynamic_5blocks",
        "objLayer": 2,
        "props": {
          "army": 2,
          "active": true
        }
      }
    },
    {
      "objectGroups": {
        "name": "objectGroups_02",
        "tm": [
          [1.0,0.0,0.0],
          [0.0,1.0,0.0],
          [0.0,0.0,1.0],
          [3027.4,45.65,795.7]
        ],
        "unit_class": "czech_hedgehog_dynamic_5blocks",
        "objLayer": 2,
        "props": {
          "army": 2,
          "active": true
        }
      }
    },
    {
      "objectGroups": {
        "name": "objectGroups_03",
        "tm": [
          [0.983261,0.0,0.182201],
          [0.0,1.0,0.0],
          [-0.182201,0.0,0.983261],
          [3032.0,45.65,790.55]
        ],
        "unit_class": "czech_hedgehog_dynamic_5blocks",
        "objLayer": 2,
        "props": {
          "army": 2,
          "active": true
        }
      }
    },
    {
      "objectGroups": {
        "name": "objectGroups_04",
        "tm": [
          [0.908525,0.0,-0.41783],
          [0.0,1.0,0.0],
          [0.41783,0.0,0.908525],
          [3015.2,45.65,791.0]
        ],
        "unit_class": "czech_hedgehog_dynamic_5blocks",
        "objLayer": 2,
        "props": {
          "army": 2,
          "active": true
        }
      }
    },
    {
      "objectGroups": {
        "name": "objectGroups_09",
        "tm": [
          [-0.729621,0.0,0.683852],
          [0.0,1.0,0.0],
          [-0.683852,0.0,-0.729621],
          [3047.35,45.65,791.05]
        ],
        "unit_class": "czech_hedgehog_dynamic_5blocks",
        "objLayer": 2,
        "props": {
          "army": 2,
          "active": true
        }
      }
    },
    {
      "objectGroups": {
        "name": "objectGroups_10",
        "tm": [
          [-0.842006,0.0,0.539468],
          [0.0,1.0,0.0],
          [-0.539468,0.0,-0.842006],
          [3047.52,45.65,797.953]
        ],
        "unit_class": "czech_hedgehog_dynamic_5blocks",
        "objLayer": 2,
        "props": {
          "army": 2,
          "active": true
        }
      }
    },
    {
      "objectGroups": {
        "name": "objectGroups_11",
        "tm": [
          [-0.729621,0.0,0.683852],
          [0.0,1.0,0.0],
          [-0.683852,0.0,-0.729621],
          [3053.8,45.65,789.667]
        ],
        "unit_class": "czech_hedgehog_dynamic_5blocks",
        "objLayer": 2,
        "props": {
          "army": 2,
          "active": true
        }
      }
    },
    {
      "objectGroups": {
        "name": "objectGroups_08",
        "tm": [
          [-0.377145,0.0,0.926154],
          [0.0,1.0,0.0],
          [-0.926154,0.0,-0.377145],
          [3059.47,45.65,786.136]
        ],
        "unit_class": "czech_hedgehog_dynamic_5blocks",
        "objLayer": 2,
        "props": {
          "army": 2,
          "active": true
        }
      }
    },
    {
      "objectGroups": {
        "name": "objectGroups_16",
        "tm": [
          [-0.729621,0.0,0.683852],
          [0.0,1.0,0.0],
          [-0.683852,0.0,-0.729621],
          [3131.23,45.65,779.564]
        ],
        "unit_class": "czech_hedgehog_dynamic_5blocks",
        "objLayer": 2,
        "props": {
          "army": 2,
          "active": true
        }
      }
    },
    {
      "objectGroups": {
        "name": "objectGroups_17",
        "tm": [
          [-0.842006,0.0,0.539468],
          [0.0,1.0,0.0],
          [-0.539468,0.0,-0.842006],
          [3131.4,45.65,786.467]
        ],
        "unit_class": "czech_hedgehog_dynamic_5blocks",
        "objLayer": 2,
        "props": {
          "army": 2,
          "active": true
        }
      }
    },
    {
      "objectGroups": {
        "name": "objectGroups_18",
        "tm": [
          [-0.729621,0.0,0.683852],
          [0.0,1.0,0.0],
          [-0.683852,0.0,-0.729621],
          [3137.68,45.65,778.181]
        ],
        "unit_class": "czech_hedgehog_dynamic_5blocks",
        "objLayer": 2,
        "props": {
          "army": 2,
          "active": true
        }
      }
    },
    {
      "objectGroups": {
        "name": "objectGroups_15",
        "tm": [
          [-0.68727,0.0,0.726402],
          [0.0,1.0,0.0],
          [-0.726402,0.0,-0.68727],
          [3146.35,45.65,774.45]
        ],
        "unit_class": "czech_hedgehog_dynamic_5blocks",
        "objLayer": 2,
        "props": {
          "army": 2,
          "active": true
        }
      }
    },
    {
      "objectGroups": {
        "name": "objectGroups_05",
        "tm": [
          [1.0,0.0,0.0],
          [0.0,1.0,0.0],
          [0.0,0.0,1.0],
          [3017.35,45.65,882.95]
        ],
        "unit_class": "czech_hedgehog_dynamic_5blocks",
        "objLayer": 2,
        "props": {
          "army": 2,
          "active": true
        }
      }
    },
    {
      "objectGroups": {
        "name": "objectGroups_06",
        "tm": [
          [1.0,0.0,0.0],
          [0.0,1.0,0.0],
          [0.0,0.0,1.0],
          [3019.8,45.65,885.85]
        ],
        "unit_class": "czech_hedgehog_dynamic_5blocks",
        "objLayer": 2,
        "props": {
          "army": 2,
          "active": true
        }
      }
    },
    {
      "objectGroups": {
        "name": "objectGroups_07",
        "tm": [
          [0.147354,0.0,-0.989084],
          [0.0,1.0,0.0],
          [0.989084,0.0,0.147354],
          [3008.8,45.65,904.15]
        ],
        "unit_class": "czech_hedgehog_dynamic_5blocks",
        "objLayer": 2,
        "props": {
          "army": 2,
          "active": true
        }
      }
    },
    {
      "objectGroups": {
        "name": "objectGroups_12",
        "tm": [
          [0.999338,0.0,-0.0363884],
          [0.0,1.0,0.0],
          [0.0363884,0.0,0.999338],
          [3090.0,45.65,882.2]
        ],
        "unit_class": "czech_hedgehog_dynamic_5blocks",
        "objLayer": 2,
        "props": {
          "army": 2,
          "active": true
        }
      }
    },
    {
      "objectGroups": {
        "name": "objectGroups_13",
        "tm": [
          [0.999338,0.0,-0.0363884],
          [0.0,1.0,0.0],
          [0.0363884,0.0,0.999338],
          [3092.5,45.65,817.0]
        ],
        "unit_class": "czech_hedgehog_dynamic_5blocks",
        "objLayer": 2,
        "props": {
          "army": 2,
          "active": true
        }
      }
    },
    {
      "objectGroups": {
        "name": "objectGroups_14",
        "tm": [
          [0.112842,0.0,-0.993613],
          [0.0,1.0,0.0],
          [0.993613,0.0,0.112842],
          [2973.95,45.65,1041.95]
        ],
        "unit_class": "czech_hedgehog_dynamic_5blocks",
        "objLayer": 2,
        "props": {
          "army": 2,
          "active": true
        }
      }
    },
    {
      "objectGroups": {
        "name": "objectGroups_19",
        "tm": [
          [0.112842,0.0,-0.993613],
          [0.0,1.0,0.0],
          [0.993613,0.0,0.112842],
          [2971.9,45.65,1034.85]
        ],
        "unit_class": "czech_hedgehog_dynamic_5blocks",
        "objLayer": 2,
        "props": {
          "army": 2,
          "active": true
        }
      }
    },
    {
      "objectGroups": {
        "name": "objectGroups_20",
        "tm": [
          [-0.996332,0.0,-0.0855699],
          [0.0,1.0,0.0],
          [0.0855699,0.0,-0.996332],
          [2919.0,45.65,1045.15]
        ],
        "unit_class": "czech_hedgehog_dynamic_5blocks",
        "objLayer": 2,
        "props": {
          "army": 2,
          "active": true
        }
      }
    },
    {
      "objectGroups": {
        "name": "objectGroups_21",
        "tm": [
          [-0.843767,0.0,-0.53671],
          [0.0,1.0,0.0],
          [0.53671,0.0,-0.843767],
          [3094.9,45.65,1240.3]
        ],
        "unit_class": "czech_hedgehog_dynamic_5blocks",
        "objLayer": 2,
        "props": {
          "army": 2,
          "active": true
        }
      }
    },
    {
      "objectGroups": {
        "name": "objectGroups_22",
        "tm": [
          [-0.843767,0.0,-0.53671],
          [0.0,1.0,0.0],
          [0.53671,0.0,-0.843767],
          [3086.75,45.65,1232.85]
        ],
        "unit_class": "czech_hedgehog_dynamic_5blocks",
        "objLayer": 2,
        "props": {
          "army": 2,
          "active": true
        }
      }
    },
    {
      "objectGroups": {
        "name": "objectGroups_24",
        "tm": [
          [-0.843767,0.0,-0.53671],
          [0.0,1.0,0.0],
          [0.53671,0.0,-0.843767],
          [3080.45,45.65,1230.9]
        ],
        "unit_class": "czech_hedgehog_dynamic_5blocks",
        "objLayer": 2,
        "props": {
          "army": 2,
          "active": true
        }
      }
    },
    {
      "objectGroups": {
        "name": "objectGroups_23",
        "tm": [
          [0.497683,0.0,-0.867359],
          [0.0,1.0,0.0],
          [0.867359,0.0,0.497683],
          [2171.05,40.55,1527.5]
        ],
        "unit_class": "czech_hedgehog_dynamic",
        "objLayer": 2,
        "props": {
          "army": 2,
          "active": true
        }
      }
    },
    {
      "objectGroups": {
        "name": "objectGroups_25",
        "tm": [
          [-0.607052,0.0,-0.794662],
          [0.0,1.0,0.0],
          [0.794662,0.0,-0.607052],
          [2113.7,40.55,1556.3]
        ],
        "unit_class": "czech_hedgehog_dynamic_5blocks",
        "objLayer": 2,
        "props": {
          "army": 2,
          "active": true
        }
      }
    },
    {
      "objectGroups": {
        "name": "objectGroups_26",
        "tm": [
          [-0.607052,0.0,-0.794662],
          [0.0,1.0,0.0],
          [0.794662,0.0,-0.607052],
          [2124.25,40.55,1568.8]
        ],
        "unit_class": "czech_hedgehog_dynamic_5blocks",
        "objLayer": 2,
        "props": {
          "army": 2,
          "active": true
        }
      }
    },
    {
      "objectGroups": {
        "name": "objectGroups_27",
        "tm": [
          [-0.29437,0.0,-0.955691],
          [0.0,1.0,0.0],
          [0.955691,0.0,-0.29437],
          [2884.4,40.55,1173.25]
        ],
        "unit_class": "czech_hedgehog_dynamic_5blocks",
        "objLayer": 2,
        "props": {
          "army": 2,
          "active": true
        }
      }
    },
    {
      "objectGroups": {
        "name": "objectGroups_28",
        "tm": [
          [0.209939,0.0,-0.977714],
          [0.0,1.0,0.0],
          [0.977714,0.0,0.209939],
          [2885.95,40.55,1178.35]
        ],
        "unit_class": "czech_hedgehog_dynamic",
        "objLayer": 2,
        "props": {
          "army": 2,
          "active": true
        }
      }
    },
    {
      "objectGroups": {
        "name": "objectGroups_29",
        "tm": [
          [0.209939,0.0,-0.977714],
          [0.0,1.0,0.0],
          [0.977714,0.0,0.209939],
          [2878.8,40.55,1178.85]
        ],
        "unit_class": "czech_hedgehog_dynamic",
        "objLayer": 2,
        "props": {
          "army": 2,
          "active": true
        }
      }
    },
    {
      "objectGroups": {
        "name": "objectGroups_30",
        "tm": [
          [0.209939,0.0,-0.977714],
          [0.0,1.0,0.0],
          [0.977714,0.0,0.209939],
          [2879.1,40.55,1176.5]
        ],
        "unit_class": "czech_hedgehog_dynamic",
        "objLayer": 2,
        "props": {
          "army": 2,
          "active": true
        }
      }
    },
    {
      "objectGroups": {
        "name": "objectGroups_31",
        "tm": [
          [0.209939,0.0,-0.977714],
          [0.0,1.0,0.0],
          [0.977714,0.0,0.209939],
          [2881.85,40.55,1177.0]
        ],
        "unit_class": "czech_hedgehog_dynamic",
        "objLayer": 2,
        "props": {
          "army": 2,
          "active": true
        }
      }
    },
    {
      "objectGroups": {
        "name": "objectGroups_32",
        "tm": [
          [0.209939,0.0,-0.977714],
          [0.0,1.0,0.0],
          [0.977714,0.0,0.209939],
          [2877.1,40.55,1174.65]
        ],
        "unit_class": "czech_hedgehog_dynamic",
        "objLayer": 2,
        "props": {
          "army": 2,
          "active": true
        }
      }
    },
    {
      "objectGroups": {
        "name": "objectGroups_33",
        "tm": [
          [0.497683,0.0,-0.867359],
          [0.0,1.0,0.0],
          [0.867359,0.0,0.497683],
          [2168.9,40.55,1528.5]
        ],
        "unit_class": "czech_hedgehog_dynamic",
        "objLayer": 2,
        "props": {
          "army": 2,
          "active": true
        }
      }
    },
    {
      "objectGroups": {
        "name": "objectGroups_34",
        "tm": [
          [0.497683,0.0,-0.867359],
          [0.0,1.0,0.0],
          [0.867359,0.0,0.497683],
          [2172.65,40.55,1525.05]
        ],
        "unit_class": "czech_hedgehog_dynamic",
        "objLayer": 2,
        "props": {
          "army": 2,
          "active": true
        }
      }
    },
    {
      "objectGroups": {
        "name": "objectGroups_35",
        "tm": [
          [0.497683,0.0,-0.867359],
          [0.0,1.0,0.0],
          [0.867359,0.0,0.497683],
          [2172.25,40.55,1527.1]
        ],
        "unit_class": "czech_hedgehog_dynamic",
        "objLayer": 2,
        "props": {
          "army": 2,
          "active": true
        }
      }
    },
    {
      "objectGroups": {
        "name": "objectGroups_36",
        "tm": [
          [0.497683,0.0,-0.867359],
          [0.0,1.0,0.0],
          [0.867359,0.0,0.497683],
          [2158.55,40.55,1511.1]
        ],
        "unit_class": "czech_hedgehog_dynamic",
        "objLayer": 2,
        "props": {
          "army": 2,
          "active": true
        }
      }
    },
    {
      "objectGroups": {
        "name": "objectGroups_37",
        "tm": [
          [0.497683,0.0,-0.867359],
          [0.0,1.0,0.0],
          [0.867359,0.0,0.497683],
          [2161.85,40.55,1511.2]
        ],
        "unit_class": "czech_hedgehog_dynamic",
        "objLayer": 2,
        "props": {
          "army": 2,
          "active": true
        }
      }
    },
    {
      "objectGroups": {
        "name": "objectGroups_38",
        "tm": [
          [0.497683,0.0,-0.867359],
          [0.0,1.0,0.0],
          [0.867359,0.0,0.497683],
          [2166.55,40.55,1513.05]
        ],
        "unit_class": "czech_hedgehog_dynamic",
        "objLayer": 2,
        "props": {
          "army": 2,
          "active": true
        }
      }
    },
    {
      "objectGroups": {
        "name": "objectGroups_39",
        "tm": [
          [0.497683,0.0,-0.867359],
          [0.0,1.0,0.0],
          [0.867359,0.0,0.497683],
          [2639.25,40.55,1521.0]
        ],
        "unit_class": "czech_hedgehog_dynamic",
        "objLayer": 2,
        "props": {
          "army": 2,
          "active": true
        }
      }
    },
    {
      "objectGroups": {
        "name": "objectGroups_40",
        "tm": [
          [0.497683,0.0,-0.867359],
          [0.0,1.0,0.0],
          [0.867359,0.0,0.497683],
          [2635.45,40.55,1523.65]
        ],
        "unit_class": "czech_hedgehog_dynamic",
        "objLayer": 2,
        "props": {
          "army": 2,
          "active": true
        }
      }
    },
    {
      "objectGroups": {
        "name": "objectGroups_41",
        "tm": [
          [0.497683,0.0,-0.867359],
          [0.0,1.0,0.0],
          [0.867359,0.0,0.497683],
          [2636.0,40.55,1521.2]
        ],
        "unit_class": "czech_hedgehog_dynamic",
