{
  "selected_tag": "",
  "bin_dump_file": "",
  "mission_settings": {
    "atmosphere": {
      "pressure": 760.0,
      "temperature": 15.0
    },
    "spectator_points": [],
    "cover_points": [],
    "aiParams": {
      "aiEffectivenessViscosity": 90.0,
      "effectivenessDistances": [2500.0,7000.0]
    },
    "player": {
      "army": 1
    },
    "player_teamB": {
      "army": 2
    },
    "mission": {
      "name": "untitled",
      "type": "singleMission",
      "level": "levels/water.bin",
      "campaign": "UserMissions",
      "restoreType": "attempts",
      "optionalTakeOff": false,
      "missionDebriefing": "",
      "missionBriefing": "",
      "environment": "Day",
      "weather": "hazy",
      "missionType": {
        "_Dom": false,
        "_Conq": false,
        "_CnvA": false,
        "_CnvB": false,
        "_ArtDA": false,
        "_ArtDB": false,
        "_Bttl": false,
        "_DBttlA": false,
        "_DBttlB": false,
        "_Bto": false,
        "_Flc": false,
        "_v1_race_straight": false,
        "_v1_race_inverted": false,
        "_v2_race_straight": false,
        "_v2_race_inverted": false,
        "_Conq1": false,
        "_Conq2": false,
        "_Conq3": false,
        "_Conq4": false,
        "_Conq5": false,
        "_Conq6": false
      },
      "tags": []
    },
    "missions_include": {
      "mission": {
        "filename": ""
      }
    }
  },
  "imports": [],
  "triggers": {
    "isCategory": true,
    "is_enabled": true
  },
  "mission_objectives": {
    "isCategory": true,
    "is_enabled": true
  },
  "variables": [],
  "dialogs": [],
  "airfields": [],
  "effects": [],
  "units": [
    {
      "area_squad": {
        "name": "nbttl_t1_boat_spawn_01",
        "tm": [
          [0.0348996,0.0,-0.999391],
          [0.0,1.0,0.0],
          [0.999391,0.0,0.0348996],
          [85.0214,0.0,1916.33]
        ],
        "props": [
          {
            "squad_members": "t1_shipspawn01"
          },
          {
            "squad_members": "t1_shipspawn02"
          },
          {
            "squad_members": "t1_shipspawn03"
          },
          {
            "squad_members": "t1_shipspawn04"
          },
          {
            "squad_members": "t1_shipspawn05"
          },
          {
            "squad_members": "t1_shipspawn06"
          },
          {
            "squad_members": "t1_shipspawn07"
          },
          {
            "squad_members": "t1_shipspawn08"
          },
          {
            "squad_members": "t1_shipspawn09"
          },
          {
            "squad_members": "t1_shipspawn10"
          },
          {
            "squad_members": "t1_shipspawn11"
          },
          {
            "squad_members": "t1_shipspawn12"
          },
          {
            "squad_members": "t1_shipspawn13"
          },
          {
            "squad_members": "t1_shipspawn14"
          },
          {
            "squad_members": "t1_shipspawn15"
          },
          {
            "squad_members": "t1_shipspawn16"
          }
        ]
      }
    },
    {
      "area_squad": {
        "name": "nbttl_t1_boat_spawn_02",
        "tm": [
          [-0.705401,0.0,-0.708809],
          [0.0,1.0,0.0],
          [0.708809,0.0,-0.705401],
          [1773.27,0.000488281,651.993]
        ],
        "props": [
          {
            "squad_members": "t1_shipspawn17"
          },
          {
            "squad_members": "t1_shipspawn18"
          },
          {
            "squad_members": "t1_shipspawn19"
          },
          {
            "squad_members": "t1_shipspawn20"
          },
          {
            "squad_members": "t1_shipspawn21"
          },
          {
            "squad_members": "t1_shipspawn22"
          },
          {
            "squad_members": "t1_shipspawn23"
          },
          {
            "squad_members": "t1_shipspawn24"
          },
          {
            "squad_members": "t1_shipspawn25"
          },
          {
            "squad_members": "t1_shipspawn26"
          },
          {
            "squad_members": "t1_shipspawn27"
          },
          {
            "squad_members": "t1_shipspawn28"
          },
          {
            "squad_members": "t1_shipspawn29"
          },
          {
            "squad_members": "t1_shipspawn30"
          },
          {
            "squad_members": "t1_shipspawn31"
          },
          {
            "squad_members": "t1_shipspawn32"
          }
        ]
      }
    },
    {
      "area_squad": {
        "name": "nbttl_t2_boat_spawn_01",
        "tm": [
          [0.999793,0.0,0.0203426],
          [0.0,1.0,0.0],
          [-0.0203426,0.0,0.999793],
          [5014.92,0.0,3796.89]
        ],
        "props": [
          {
            "squad_members": "t2_shipspawn01"
          },
          {
            "squad_members": "t2_shipspawn02"
          },
          {
            "squad_members": "t2_shipspawn03"
          },
          {
            "squad_members": "t2_shipspawn04"
          },
          {
            "squad_members": "t2_shipspawn05"
          },
          {
            "squad_members": "t2_shipspawn06"
          },
          {
            "squad_members": "t2_shipspawn07"
          },
          {
            "squad_members": "t2_shipspawn08"
          },
          {
            "squad_members": "t2_shipspawn09"
          },
          {
            "squad_members": "t2_shipspawn10"
          },
          {
            "squad_members": "t2_shipspawn11"
          },
          {
            "squad_members": "t2_shipspawn12"
          },
          {
            "squad_members": "t2_shipspawn13"
          },
          {
            "squad_members": "t2_shipspawn14"
          },
          {
            "squad_members": "t2_shipspawn15"
          },
          {
            "squad_members": "t2_shipspawn16"
          }
        ]
      }
    },
    {
      "area_squad": {
        "name": "nbttl_t2_boat_spawn_02",
        "tm": [
          [-0.757151,0.0,0.65324],
          [0.0,1.0,0.0],
          [-0.65324,0.0,-0.757151],
          [3001.33,0.0,5364.97]
        ],
        "props": [
          {
            "squad_members": "t2_shipspawn17"
          },
          {
            "squad_members": "t2_shipspawn18"
          },
          {
            "squad_members": "t2_shipspawn19"
          },
          {
            "squad_members": "t2_shipspawn20"
          },
          {
            "squad_members": "t2_shipspawn21"
          },
          {
            "squad_members": "t2_shipspawn22"
          },
          {
            "squad_members": "t2_shipspawn23"
          },
          {
            "squad_members": "t2_shipspawn24"
          },
          {
            "squad_members": "t2_shipspawn25"
          },
          {
            "squad_members": "t2_shipspawn26"
          },
          {
            "squad_members": "t2_shipspawn27"
          },
          {
            "squad_members": "t2_shipspawn28"
          },
          {
            "squad_members": "t2_shipspawn29"
          },
          {
            "squad_members": "t2_shipspawn30"
          },
          {
            "squad_members": "t2_shipspawn31"
          },
          {
            "squad_members": "t2_shipspawn32"
          }
        ]
      }
    },
    {
      "squad": {
        "name": "nbttl_buoy_circles_squad",
        "tm": [
          [0.994831,0.0,0.101539],
          [0.0,1.0,0.0],
          [-0.101539,0.0,0.994831],
          [715.825,300.0,4900.04]
        ],
        "props": [
          {
            "squad_members": "nbttl_buoy_circle_01"
          },
          {
            "squad_members": "nbttl_buoy_circle_02"
          },
          {
            "squad_members": "nbttl_buoy_circle_t1"
          },
          {
            "squad_members": "nbttl_buoy_circle_t2"
          }
        ]
      }
    },
    {
      "ships": {
        "name": "capture_buoy_01_00",
        "tm": [
          [0.999391,0.0,0.0348996],
          [0.0,1.0,0.0],
          [-0.0348996,0.0,0.999391],
          [1877.3,0.0,3667.1]
        ],
        "unit_class": "buoy_a",
        "closed_waypoints": false,
        "isShipSpline": false,
        "shipTurnRadius": 100.0,
        "weapons": "",
        "bullets0": "",
        "bullets1": "",
        "bullets2": "",
        "bullets3": "",
        "bulletsCount0": 0,
        "bulletsCount1": 0,
        "bulletsCount2": 0,
        "bulletsCount3": 0,
        "props": {
          "army": 2,
          "count": 1,
          "formation_type": "rows",
          "formation_div": 3,
          "formation_step": [2.5,2.0],
          "formation_noise": [0.1,0.1],
          "uniqueName": "",
          "attack_type": "fire_at_will"
        },
        "way": []
      }
    },
    {
      "ships": {
        "name": "capture_buoy_01_01",
        "tm": [
          [0.999391,0.0,0.0348996],
          [0.0,1.0,0.0],
          [-0.0348996,0.0,0.999391],
          [2175.65,0.0,3635.69]
        ],
        "unit_class": "buoy_a",
        "objLayer": 1,
        "closed_waypoints": false,
        "isShipSpline": false,
        "shipTurnRadius": 100.0,
        "weapons": "",
        "bullets0": "",
        "bullets1": "",
        "bullets2": "",
        "bullets3": "",
        "bulletsCount0": 0,
        "bulletsCount1": 0,
        "bulletsCount2": 0,
        "bulletsCount3": 0,
        "props": {
          "army": 2,
          "count": 1,
          "formation_type": "rows",
          "formation_div": 3,
          "formation_step": 2.5,
          "formation_noise": 0.1,
          "uniqueName": "",
          "attack_type": "fire_at_will"
        },
        "way": []
      }
    },
    {
      "ships": {
        "name": "capture_buoy_01_02",
        "tm": [
          [0.999391,0.0,0.0348996],
          [0.0,1.0,0.0],
          [-0.0348996,0.0,0.999391],
          [2168.37,0.0,3594.42]
        ],
        "unit_class": "buoy_a",
        "objLayer": 1,
        "closed_waypoints": false,
        "isShipSpline": false,
        "shipTurnRadius": 100.0,
        "weapons": "",
        "bullets0": "",
        "bullets1": "",
        "bullets2": "",
        "bullets3": "",
        "bulletsCount0": 0,
        "bulletsCount1": 0,
        "bulletsCount2": 0,
        "bulletsCount3": 0,
        "props": {
          "army": 2,
          "count": 1,
          "formation_type": "rows",
          "formation_div": 3,
          "formation_step": 2.5,
          "formation_noise": 0.1,
          "uniqueName": "",
          "attack_type": "fire_at_will"
        },
        "way": []
      }
    },
    {
      "ships": {
        "name": "capture_buoy_01_03",
        "tm": [
          [0.999391,0.0,0.0348996],
          [0.0,1.0,0.0],
          [-0.0348996,0.0,0.999391],
          [2155.39,0.0,3554.57]
        ],
        "unit_class": "buoy_a",
        "objLayer": 1,
        "closed_waypoints": false,
        "isShipSpline": false,
        "shipTurnRadius": 100.0,
        "weapons": "",
        "bullets0": "",
        "bullets1": "",
        "bullets2": "",
        "bullets3": "",
        "bulletsCount0": 0,
        "bulletsCount1": 0,
        "bulletsCount2": 0,
        "bulletsCount3": 0,
        "props": {
          "army": 2,
          "count": 1,
          "formation_type": "rows",
          "formation_div": 3,
          "formation_step": 2.5,
          "formation_noise": 0.1,
          "uniqueName": "",
          "attack_type": "fire_at_will"
        },
        "way": []
      }
    },
    {
      "ships": {
        "name": "capture_buoy_01_04",
        "tm": [
          [0.999391,0.0,0.0348996],
          [0.0,1.0,0.0],
          [-0.0348996,0.0,0.999391],
          [2137.0,0.0,3516.91]
        ],
        "unit_class": "buoy_a",
        "objLayer": 1,
        "closed_waypoints": false,
        "isShipSpline": false,
        "shipTurnRadius": 100.0,
        "weapons": "",
        "bullets0": "",
        "bullets1": "",
        "bullets2": "",
        "bullets3": "",
        "bulletsCount0": 0,
        "bulletsCount1": 0,
        "bulletsCount2": 0,
        "bulletsCount3": 0,
        "props": {
          "army": 2,
          "count": 1,
          "formation_type": "rows",
          "formation_div": 3,
          "formation_step": 2.5,
          "formation_noise": 0.1,
          "uniqueName": "",
          "attack_type": "fire_at_will"
        },
        "way": []
      }
    },
    {
      "ships": {
        "name": "capture_buoy_01_05",
        "tm": [
          [0.999391,0.0,0.0348996],
          [0.0,1.0,0.0],
          [-0.0348996,0.0,0.999391],
          [2113.54,0.0,3482.18]
        ],
        "unit_class": "buoy_a",
        "objLayer": 1,
        "closed_waypoints": false,
        "isShipSpline": false,
        "shipTurnRadius": 100.0,
        "weapons": "",
        "bullets0": "",
        "bullets1": "",
        "bullets2": "",
        "bullets3": "",
        "bulletsCount0": 0,
        "bulletsCount1": 0,
        "bulletsCount2": 0,
        "bulletsCount3": 0,
        "props": {
          "army": 2,
          "count": 1,
          "formation_type": "rows",
          "formation_div": 3,
          "formation_step": 2.5,
          "formation_noise": 0.1,
          "uniqueName": "",
          "attack_type": "fire_at_will"
        },
        "way": []
      }
    },
    {
      "ships": {
        "name": "capture_buoy_01_06",
        "tm": [
          [0.999391,0.0,0.0348996],
          [0.0,1.0,0.0],
          [-0.0348996,0.0,0.999391],
          [2085.46,0.0,3451.07]
        ],
        "unit_class": "buoy_a",
        "objLayer": 1,
        "closed_waypoints": false,
        "isShipSpline": false,
        "shipTurnRadius": 100.0,
        "weapons": "",
        "bullets0": "",
        "bullets1": "",
        "bullets2": "",
        "bullets3": "",
        "bulletsCount0": 0,
        "bulletsCount1": 0,
        "bulletsCount2": 0,
        "bulletsCount3": 0,
        "props": {
          "army": 2,
          "count": 1,
          "formation_type": "rows",
          "formation_div": 3,
          "formation_step": 2.5,
          "formation_noise": 0.1,
          "uniqueName": "",
          "attack_type": "fire_at_will"
        },
        "way": []
      }
    },
    {
      "ships": {
        "name": "capture_buoy_01_07",
        "tm": [
          [0.999391,0.0,0.0348996],
          [0.0,1.0,0.0],
          [-0.0348996,0.0,0.999391],
          [2053.33,0.0,3424.17]
        ],
        "unit_class": "buoy_a",
        "objLayer": 1,
        "closed_waypoints": false,
        "isShipSpline": false,
        "shipTurnRadius": 100.0,
        "weapons": "",
        "bullets0": "",
        "bullets1": "",
        "bullets2": "",
        "bullets3": "",
        "bulletsCount0": 0,
        "bulletsCount1": 0,
        "bulletsCount2": 0,
        "bulletsCount3": 0,
        "props": {
          "army": 2,
          "count": 1,
          "formation_type": "rows",
          "formation_div": 3,
          "formation_step": 2.5,
          "formation_noise": 0.1,
          "uniqueName": "",
          "attack_type": "fire_at_will"
        },
        "way": []
      }
    },
    {
      "ships": {
        "name": "capture_buoy_01_08",
        "tm": [
          [0.999391,0.0,0.0348996],
          [0.0,1.0,0.0],
          [-0.0348996,0.0,0.999391],
          [2017.76,0.0,3402.02]
        ],
        "unit_class": "buoy_a",
        "objLayer": 1,
        "closed_waypoints": false,
        "isShipSpline": false,
        "shipTurnRadius": 100.0,
        "weapons": "",
        "bullets0": "",
        "bullets1": "",
        "bullets2": "",
        "bullets3": "",
        "bulletsCount0": 0,
        "bulletsCount1": 0,
        "bulletsCount2": 0,
        "bulletsCount3": 0,
        "props": {
          "army": 2,
          "count": 1,
          "formation_type": "rows",
          "formation_div": 3,
          "formation_step": 2.5,
          "formation_noise": 0.1,
          "uniqueName": "",
          "attack_type": "fire_at_will"
        },
        "way": []
      }
    },
    {
      "ships": {
        "name": "capture_buoy_01_09",
        "tm": [
          [0.999391,0.0,0.0348996],
          [0.0,1.0,0.0],
          [-0.0348996,0.0,0.999391],
          [1979.45,0.0,3385.03]
        ],
        "unit_class": "buoy_a",
        "objLayer": 1,
        "closed_waypoints": false,
        "isShipSpline": false,
        "shipTurnRadius": 100.0,
        "weapons": "",
        "bullets0": "",
        "bullets1": "",
        "bullets2": "",
        "bullets3": "",
        "bulletsCount0": 0,
        "bulletsCount1": 0,
        "bulletsCount2": 0,
        "bulletsCount3": 0,
        "props": {
          "army": 2,
          "count": 1,
          "formation_type": "rows",
          "formation_div": 3,
          "formation_step": 2.5,
          "formation_noise": 0.1,
          "uniqueName": "",
          "attack_type": "fire_at_will"
        },
        "way": []
      }
    },
    {
      "ships": {
        "name": "capture_buoy_01_10",
        "tm": [
          [0.999391,0.0,0.0348996],
          [0.0,1.0,0.0],
          [-0.0348996,0.0,0.999391],
          [1939.13,0.0,3373.54]
        ],
        "unit_class": "buoy_a",
        "objLayer": 1,
        "closed_waypoints": false,
        "isShipSpline": false,
        "shipTurnRadius": 100.0,
        "weapons": "",
        "bullets0": "",
        "bullets1": "",
        "bullets2": "",
        "bullets3": "",
        "bulletsCount0": 0,
        "bulletsCount1": 0,
        "bulletsCount2": 0,
        "bulletsCount3": 0,
        "props": {
          "army": 2,
          "count": 1,
          "formation_type": "rows",
          "formation_div": 3,
          "formation_step": 2.5,
          "formation_noise": 0.1,
          "uniqueName": "",
          "attack_type": "fire_at_will"
        },
        "way": []
      }
    },
    {
      "ships": {
        "name": "capture_buoy_01_11",
        "tm": [
          [0.999391,0.0,0.0348996],
          [0.0,1.0,0.0],
          [-0.0348996,0.0,0.999391],
          [1897.63,0.0,3367.79]
        ],
        "unit_class": "buoy_a",
        "objLayer": 1,
        "closed_waypoints": false,
        "isShipSpline": false,
        "shipTurnRadius": 100.0,
        "weapons": "",
        "bullets0": "",
        "bullets1": "",
        "bullets2": "",
        "bullets3": "",
        "bulletsCount0": 0,
        "bulletsCount1": 0,
        "bulletsCount2": 0,
        "bulletsCount3": 0,
        "props": {
          "army": 2,
          "count": 1,
          "formation_type": "rows",
          "formation_div": 3,
          "formation_step": 2.5,
          "formation_noise": 0.1,
          "uniqueName": "",
          "attack_type": "fire_at_will"
        },
        "way": []
      }
    },
    {
      "ships": {
        "name": "capture_buoy_01_12",
        "tm": [
          [0.999391,0.0,0.0348996],
          [0.0,1.0,0.0],
          [-0.0348996,0.0,0.999391],
          [1855.72,0.0,3367.87]
        ],
        "unit_class": "buoy_a",
        "objLayer": 1,
        "closed_waypoints": false,
        "isShipSpline": false,
        "shipTurnRadius": 100.0,
        "weapons": "",
        "bullets0": "",
        "bullets1": "",
        "bullets2": "",
        "bullets3": "",
        "bulletsCount0": 0,
        "bulletsCount1": 0,
        "bulletsCount2": 0,
        "bulletsCount3": 0,
        "props": {
          "army": 2,
          "count": 1,
          "formation_type": "rows",
          "formation_div": 3,
          "formation_step": 2.5,
          "formation_noise": 0.1,
          "uniqueName": "",
          "attack_type": "fire_at_will"
        },
        "way": []
      }
    },
    {
      "ships": {
        "name": "capture_buoy_01_13",
        "tm": [
          [0.999391,0.0,0.0348996],
          [0.0,1.0,0.0],
          [-0.0348996,0.0,0.999391],
          [1814.23,0.0,3373.8]
        ],
        "unit_class": "buoy_a",
        "objLayer": 1,
        "closed_waypoints": false,
        "isShipSpline": false,
        "shipTurnRadius": 100.0,
        "weapons": "",
        "bullets0": "",
        "bullets1": "",
        "bullets2": "",
        "bullets3": "",
        "bulletsCount0": 0,
        "bulletsCount1": 0,
        "bulletsCount2": 0,
        "bulletsCount3": 0,
        "props": {
          "army": 2,
          "count": 1,
          "formation_type": "rows",
          "formation_div": 3,
          "formation_step": 2.5,
          "formation_noise": 0.1,
          "uniqueName": "",
          "attack_type": "fire_at_will"
        },
        "way": []
      }
    },
    {
      "ships": {
        "name": "capture_buoy_01_14",
        "tm": [
          [0.999391,0.0,0.0348996],
          [0.0,1.0,0.0],
          [-0.0348996,0.0,0.999391],
          [1773.98,0.0,3385.45]
        ],
        "unit_class": "buoy_a",
        "objLayer": 1,
        "closed_waypoints": false,
        "isShipSpline": false,
        "shipTurnRadius": 100.0,
        "weapons": "",
        "bullets0": "",
        "bullets1": "",
        "bullets2": "",
        "bullets3": "",
        "bulletsCount0": 0,
        "bulletsCount1": 0,
        "bulletsCount2": 0,
        "bulletsCount3": 0,
        "props": {
          "army": 2,
          "count": 1,
          "formation_type": "rows",
          "formation_div": 3,
          "formation_step": 2.5,
          "formation_noise": 0.1,
          "uniqueName": "",
          "attack_type": "fire_at_will"
        },
        "way": []
      }
    },
    {
      "ships": {
        "name": "capture_buoy_01_15",
        "tm": [
          [0.999391,0.0,0.0348996],
          [0.0,1.0,0.0],
          [-0.0348996,0.0,0.999391],
          [1735.74,0.0,3402.6]
        ],
        "unit_class": "buoy_a",
        "objLayer": 1,
        "closed_waypoints": false,
        "isShipSpline": false,
        "shipTurnRadius": 100.0,
        "weapons": "",
        "bullets0": "",
        "bullets1": "",
        "bullets2": "",
        "bullets3": "",
        "bulletsCount0": 0,
        "bulletsCount1": 0,
        "bulletsCount2": 0,
        "bulletsCount3": 0,
        "props": {
          "army": 2,
          "count": 1,
          "formation_type": "rows",
          "formation_div": 3,
          "formation_step": 2.5,
          "formation_noise": 0.1,
          "uniqueName": "",
          "attack_type": "fire_at_will"
        },
        "way": []
      }
    },
    {
      "ships": {
        "name": "capture_buoy_01_16",
        "tm": [
          [0.999391,0.0,0.0348996],
          [0.0,1.0,0.0],
          [-0.0348996,0.0,0.999391],
          [1700.26,0.0,3424.91]
        ],
        "unit_class": "buoy_a",
        "objLayer": 1,
        "closed_waypoints": false,
        "isShipSpline": false,
        "shipTurnRadius": 100.0,
        "weapons": "",
        "bullets0": "",
        "bullets1": "",
        "bullets2": "",
        "bullets3": "",
        "bulletsCount0": 0,
        "bulletsCount1": 0,
        "bulletsCount2": 0,
        "bulletsCount3": 0,
        "props": {
          "army": 2,
          "count": 1,
          "formation_type": "rows",
          "formation_div": 3,
          "formation_step": 2.5,
          "formation_noise": 0.1,
          "uniqueName": "",
          "attack_type": "fire_at_will"
        },
        "way": []
      }
    },
    {
      "ships": {
        "name": "capture_buoy_01_17",
        "tm": [
          [0.999391,0.0,0.0348996],
          [0.0,1.0,0.0],
          [-0.0348996,0.0,0.999391],
          [1668.24,0.0,3451.94]
        ],
        "unit_class": "buoy_a",
        "objLayer": 1,
        "closed_waypoints": false,
        "isShipSpline": false,
        "shipTurnRadius": 100.0,
        "weapons": "",
        "bullets0": "",
        "bullets1": "",
        "bullets2": "",
        "bullets3": "",
        "bulletsCount0": 0,
        "bulletsCount1": 0,
        "bulletsCount2": 0,
        "bulletsCount3": 0,
        "props": {
          "army": 2,
          "count": 1,
          "formation_type": "rows",
          "formation_div": 3,
          "formation_step": 2.5,
          "formation_noise": 0.1,
          "uniqueName": "",
          "attack_type": "fire_at_will"
        },
        "way": []
      }
    },
    {
      "ships": {
        "name": "capture_buoy_01_18",
        "tm": [
          [0.999391,0.0,0.0348996],
          [0.0,1.0,0.0],
          [-0.0348996,0.0,0.999391],
          [1640.29,0.0,3483.18]
        ],
        "unit_class": "buoy_a",
        "objLayer": 1,
        "closed_waypoints": false,
        "isShipSpline": false,
        "shipTurnRadius": 100.0,
        "weapons": "",
        "bullets0": "",
        "bullets1": "",
        "bullets2": "",
        "bullets3": "",
        "bulletsCount0": 0,
        "bulletsCount1": 0,
        "bulletsCount2": 0,
        "bulletsCount3": 0,
        "props": {
          "army": 2,
          "count": 1,
          "formation_type": "rows",
          "formation_div": 3,
          "formation_step": 2.5,
          "formation_noise": 0.1,
          "uniqueName": "",
          "attack_type": "fire_at_will"
        },
        "way": []
      }
    },
    {
      "ships": {
        "name": "capture_buoy_01_19",
        "tm": [
          [0.999391,0.0,0.0348996],
          [0.0,1.0,0.0],
          [-0.0348996,0.0,0.999391],
          [1616.97,0.0,3518.01]
        ],
        "unit_class": "buoy_a",
        "objLayer": 1,
        "closed_waypoints": false,
        "isShipSpline": false,
        "shipTurnRadius": 100.0,
        "weapons": "",
        "bullets0": "",
        "bullets1": "",
        "bullets2": "",
        "bullets3": "",
        "bulletsCount0": 0,
        "bulletsCount1": 0,
        "bulletsCount2": 0,
        "bulletsCount3": 0,
        "props": {
          "army": 2,
          "count": 1,
          "formation_type": "rows",
          "formation_div": 3,
          "formation_step": 2.5,
          "formation_noise": 0.1,
          "uniqueName": "",
          "attack_type": "fire_at_will"
        },
        "way": []
      }
    },
    {
      "ships": {
        "name": "capture_buoy_01_20",
        "tm": [
          [0.999391,0.0,0.0348996],
          [0.0,1.0,0.0],
          [-0.0348996,0.0,0.999391],
          [1598.74,0.0,3555.73]
        ],
        "unit_class": "buoy_a",
        "objLayer": 1,
        "closed_waypoints": false,
        "isShipSpline": false,
        "shipTurnRadius": 100.0,
        "weapons": "",
        "bullets0": "",
        "bullets1": "",
        "bullets2": "",
        "bullets3": "",
        "bulletsCount0": 0,
        "bulletsCount1": 0,
        "bulletsCount2": 0,
        "bulletsCount3": 0,
        "props": {
          "army": 2,
          "count": 1,
          "formation_type": "rows",
          "formation_div": 3,
          "formation_step": 2.5,
          "formation_noise": 0.1,
          "uniqueName": "",
          "attack_type": "fire_at_will"
        },
        "way": []
      }
    },
    {
      "ships": {
        "name": "capture_buoy_01_21",
        "tm": [
          [0.999391,0.0,0.0348996],
          [0.0,1.0,0.0],
          [-0.0348996,0.0,0.999391],
          [1585.94,0.0,3595.64]
        ],
        "unit_class": "buoy_a",
        "objLayer": 1,
        "closed_waypoints": false,
        "isShipSpline": false,
        "shipTurnRadius": 100.0,
        "weapons": "",
        "bullets0": "",
        "bullets1": "",
        "bullets2": "",
        "bullets3": "",
        "bulletsCount0": 0,
        "bulletsCount1": 0,
        "bulletsCount2": 0,
        "bulletsCount3": 0,
        "props": {
          "army": 2,
          "count": 1,
          "formation_type": "rows",
          "formation_div": 3,
          "formation_step": 2.5,
          "formation_noise": 0.1,
          "uniqueName": "",
          "attack_type": "fire_at_will"
        },
        "way": []
      }
    },
    {
      "ships": {
        "name": "capture_buoy_01_22",
        "tm": [
          [0.999391,0.0,0.0348996],
          [0.0,1.0,0.0],
          [-0.0348996,0.0,0.999391],
          [1578.82,0.0,3636.94]
        ],
        "unit_class": "buoy_a",
        "objLayer": 1,
        "closed_waypoints": false,
        "isShipSpline": false,
        "shipTurnRadius": 100.0,
        "weapons": "",
        "bullets0": "",
        "bullets1": "",
        "bullets2": "",
        "bullets3": "",
        "bulletsCount0": 0,
        "bulletsCount1": 0,
        "bulletsCount2": 0,
        "bulletsCount3": 0,
        "props": {
          "army": 2,
          "count": 1,
          "formation_type": "rows",
          "formation_div": 3,
          "formation_step": 2.5,
          "formation_noise": 0.1,
          "uniqueName": "",
          "attack_type": "fire_at_will"
        },
        "way": []
      }
    },
    {
      "ships": {
        "name": "capture_buoy_01_23",
        "tm": [
          [0.999391,0.0,0.0348996],
          [0.0,1.0,0.0],
          [-0.0348996,0.0,0.999391],
          [1577.53,0.0,3678.82]
        ],
        "unit_class": "buoy_a",
        "objLayer": 1,
        "closed_waypoints": false,
        "isShipSpline": false,
        "shipTurnRadius": 100.0,
        "weapons": "",
        "bullets0": "",
        "bullets1": "",
        "bullets2": "",
        "bullets3": "",
        "bulletsCount0": 0,
        "bulletsCount1": 0,
        "bulletsCount2": 0,
        "bulletsCount3": 0,
        "props": {
          "army": 2,
          "count": 1,
          "formation_type": "rows",
          "formation_div": 3,
          "formation_step": 2.5,
          "formation_noise": 0.1,
          "uniqueName": "",
          "attack_type": "fire_at_will"
        },
        "way": []
      }
    },
    {
      "ships": {
        "name": "capture_buoy_01_24",
        "tm": [
          [0.999391,0.0,0.0348996],
          [0.0,1.0,0.0],
          [-0.0348996,0.0,0.999391],
          [1582.1,0.0,3720.49]
        ],
        "unit_class": "buoy_a",
        "objLayer": 1,
        "closed_waypoints": false,
        "isShipSpline": false,
        "shipTurnRadius": 100.0,
        "weapons": "",
        "bullets0": "",
        "bullets1": "",
        "bullets2": "",
        "bullets3": "",
        "bulletsCount0": 0,
        "bulletsCount1": 0,
        "bulletsCount2": 0,
        "bulletsCount3": 0,
        "props": {
          "army": 2,
          "count": 1,
          "formation_type": "rows",
          "formation_div": 3,
          "formation_step": 2.5,
          "formation_noise": 0.1,
          "uniqueName": "",
          "attack_type": "fire_at_will"
        },
        "way": []
      }
    },
    {
      "ships": {
        "name": "capture_buoy_01_25",
        "tm": [
          [0.999391,0.0,0.0348996],
          [0.0,1.0,0.0],
          [-0.0348996,0.0,0.999391],
          [1592.41,0.0,3761.11]
        ],
        "unit_class": "buoy_a",
        "objLayer": 1,
        "closed_waypoints": false,
        "isShipSpline": false,
        "shipTurnRadius": 100.0,
        "weapons": "",
        "bullets0": "",
        "bullets1": "",
        "bullets2": "",
        "bullets3": "",
        "bulletsCount0": 0,
        "bulletsCount1": 0,
        "bulletsCount2": 0,
        "bulletsCount3": 0,
        "props": {
          "army": 2,
          "count": 1,
          "formation_type": "rows",
          "formation_div": 3,
          "formation_step": 2.5,
          "formation_noise": 0.1,
          "uniqueName": "",
          "attack_type": "fire_at_will"
        },
        "way": []
      }
    },
    {
      "ships": {
        "name": "capture_buoy_01_26",
        "tm": [
          [0.999391,0.0,0.0348996],
          [0.0,1.0,0.0],
          [-0.0348996,0.0,0.999391],
          [1608.28,0.0,3799.89]
        ],
        "unit_class": "buoy_a",
        "objLayer": 1,
        "closed_waypoints": false,
        "isShipSpline": false,
        "shipTurnRadius": 100.0,
        "weapons": "",
        "bullets0": "",
        "bullets1": "",
        "bullets2": "",
        "bullets3": "",
        "bulletsCount0": 0,
        "bulletsCount1": 0,
        "bulletsCount2": 0,
        "bulletsCount3": 0,
        "props": {
          "army": 2,
          "count": 1,
          "formation_type": "rows",
          "formation_div": 3,
          "formation_step": 2.5,
          "formation_noise": 0.1,
          "uniqueName": "",
          "attack_type": "fire_at_will"
        },
        "way": []
      }
    },
    {
      "ships": {
        "name": "capture_buoy_01_27",
        "tm": [
          [0.999391,0.0,0.0348996],
          [0.0,1.0,0.0],
          [-0.0348996,0.0,0.999391],
          [1629.42,0.0,3836.08]
        ],
        "unit_class": "buoy_a",
        "objLayer": 1,
        "closed_waypoints": false,
        "isShipSpline": false,
        "shipTurnRadius": 100.0,
        "weapons": "",
        "bullets0": "",
        "bullets1": "",
        "bullets2": "",
        "bullets3": "",
        "bulletsCount0": 0,
        "bulletsCount1": 0,
        "bulletsCount2": 0,
        "bulletsCount3": 0,
        "props": {
          "army": 2,
          "count": 1,
          "formation_type": "rows",
          "formation_div": 3,
          "formation_step": 2.5,
          "formation_noise": 0.1,
          "uniqueName": "",
          "attack_type": "fire_at_will"
        },
        "way": []
      }
    },
    {
      "ships": {
        "name": "capture_buoy_01_28",
        "tm": [
          [0.999391,0.0,0.0348996],
          [0.0,1.0,0.0],
          [-0.0348996,0.0,0.999391],
          [1655.39,0.0,3868.97]
        ],
        "unit_class": "buoy_a",
        "objLayer": 1,
        "closed_waypoints": false,
        "isShipSpline": false,
        "shipTurnRadius": 100.0,
        "weapons": "",
        "bullets0": "",
        "bullets1": "",
        "bullets2": "",
        "bullets3": "",
        "bulletsCount0": 0,
        "bulletsCount1": 0,
        "bulletsCount2": 0,
        "bulletsCount3": 0,
        "props": {
          "army": 2,
          "count": 1,
          "formation_type": "rows",
          "formation_div": 3,
          "formation_step": 2.5,
          "formation_noise": 0.1,
          "uniqueName": "",
          "attack_type": "fire_at_will"
        },
        "way": []
      }
    },
    {
      "ships": {
        "name": "capture_buoy_01_29",
        "tm": [
          [0.999391,0.0,0.0348996],
          [0.0,1.0,0.0],
          [-0.0348996,0.0,0.999391],
          [1685.69,0.0,3897.93]
        ],
        "unit_class": "buoy_a",
        "objLayer": 1,
        "closed_waypoints": false,
        "isShipSpline": false,
        "shipTurnRadius": 100.0,
        "weapons": "",
        "bullets0": "",
        "bullets1": "",
        "bullets2": "",
        "bullets3": "",
        "bulletsCount0": 0,
        "bulletsCount1": 0,
        "bulletsCount2": 0,
        "bulletsCount3": 0,
        "props": {
          "army": 2,
          "count": 1,
          "formation_type": "rows",
          "formation_div": 3,
          "formation_step": 2.5,
          "formation_noise": 0.1,
          "uniqueName": "",
          "attack_type": "fire_at_will"
        },
        "way": []
      }
    },
    {
      "ships": {
        "name": "capture_buoy_01_30",
        "tm": [
          [0.999391,0.0,0.0348996],
          [0.0,1.0,0.0],
          [-0.0348996,0.0,0.999391],
          [1719.72,0.0,3922.37]
        ],
        "unit_class": "buoy_a",
        "objLayer": 1,
        "closed_waypoints": false,
        "isShipSpline": false,
        "shipTurnRadius": 100.0,
        "weapons": "",
        "bullets0": "",
        "bullets1": "",
        "bullets2": "",
        "bullets3": "",
        "bulletsCount0": 0,
        "bulletsCount1": 0,
        "bulletsCount2": 0,
        "bulletsCount3": 0,
        "props": {
          "army": 2,
          "count": 1,
          "formation_type": "rows",
          "formation_div": 3,
          "formation_step": 2.5,
          "formation_noise": 0.1,
          "uniqueName": "",
          "attack_type": "fire_at_will"
        },
        "way": []
      }
    },
    {
      "ships": {
        "name": "capture_buoy_01_31",
        "tm": [
          [0.999391,0.0,0.0348996],
          [0.0,1.0,0.0],
          [-0.0348996,0.0,0.999391],
          [1756.83,0.0,3941.85]
        ],
        "unit_class": "buoy_a",
        "objLayer": 1,
        "closed_waypoints": false,
        "isShipSpline": false,
        "shipTurnRadius": 100.0,
        "weapons": "",
        "bullets0": "",
        "bullets1": "",
        "bullets2": "",
        "bullets3": "",
        "bulletsCount0": 0,
        "bulletsCount1": 0,
        "bulletsCount2": 0,
        "bulletsCount3": 0,
        "props": {
          "army": 2,
          "count": 1,
          "formation_type": "rows",
          "formation_div": 3,
          "formation_step": 2.5,
          "formation_noise": 0.1,
          "uniqueName": "",
          "attack_type": "fire_at_will"
        },
        "way": []
      }
    },
    {
      "ships": {
        "name": "capture_buoy_01_32",
        "tm": [
          [0.999391,0.0,0.0348996],
          [0.0,1.0,0.0],
          [-0.0348996,0.0,0.999391],
          [1796.3,0.0,3955.95]
        ],
        "unit_class": "buoy_a",
        "objLayer": 1,
        "closed_waypoints": false,
        "isShipSpline": false,
        "shipTurnRadius": 100.0,
        "weapons": "",
        "bullets0": "",
        "bullets1": "",
        "bullets2": "",
        "bullets3": "",
        "bulletsCount0": 0,
        "bulletsCount1": 0,
        "bulletsCount2": 0,
        "bulletsCount3": 0,
        "props": {
          "army": 2,
          "count": 1,
          "formation_type": "rows",
          "formation_div": 3,
          "formation_step": 2.5,
          "formation_noise": 0.1,
          "uniqueName": "",
          "attack_type": "fire_at_will"
        },
        "way": []
      }
    },
    {
      "ships": {
        "name": "capture_buoy_01_33",
        "tm": [
          [0.999391,0.0,0.0348996],
          [0.0,1.0,0.0],
          [-0.0348996,0.0,0.999391],
          [1837.34,0.0,3964.43]
        ],
        "unit_class": "buoy_a",
        "objLayer": 1,
        "closed_waypoints": false,
        "isShipSpline": false,
        "shipTurnRadius": 100.0,
        "weapons": "",
        "bullets0": "",
        "bullets1": "",
        "bullets2": "",
        "bullets3": "",
        "bulletsCount0": 0,
        "bulletsCount1": 0,
        "bulletsCount2": 0,
        "bulletsCount3": 0,
        "props": {
          "army": 2,
          "count": 1,
          "formation_type": "rows",
          "formation_div": 3,
          "formation_step": 2.5,
          "formation_noise": 0.1,
          "uniqueName": "",
          "attack_type": "fire_at_will"
        },
        "way": []
      }
    },
    {
      "ships": {
        "name": "capture_buoy_01_34",
        "tm": [
          [0.999391,0.0,0.0348996],
          [0.0,1.0,0.0],
          [-0.0348996,0.0,0.999391],
          [1879.16,0.0,3967.09]
        ],
        "unit_class": "buoy_a",
        "objLayer": 1,
        "closed_waypoints": false,
        "isShipSpline": false,
        "shipTurnRadius": 100.0,
        "weapons": "",
        "bullets0": "",
        "bullets1": "",
        "bullets2": "",
        "bullets3": "",
        "bulletsCount0": 0,
        "bulletsCount1": 0,
        "bulletsCount2": 0,
        "bulletsCount3": 0,
        "props": {
          "army": 2,
          "count": 1,
          "formation_type": "rows",
          "formation_div": 3,
          "formation_step": 2.5,
          "formation_noise": 0.1,
          "uniqueName": "",
          "attack_type": "fire_at_will"
        },
        "way": []
      }
    },
    {
      "ships": {
        "name": "capture_buoy_01_35",
        "tm": [
          [0.999391,0.0,0.0348996],
          [0.0,1.0,0.0],
          [-0.0348996,0.0,0.999391],
          [1920.95,0.0,3963.91]
        ],
        "unit_class": "buoy_a",
        "objLayer": 1,
