{
  "selected_tag": "",
  "bin_dump_file": "",
  "mission_settings": {
    "atmosphere": {
      "pressure": 760.0,
      "temperature": 15.0
    },
    "spectator_points": [],
    "cover_points": [],
    "aiParams": {
      "aiEffectivenessViscosity": 90.0,
      "effectivenessDistances": [2500.0,7000.0]
    },
    "player": {
      "army": 1
    },
    "player_teamB": {
      "army": 2
    },
    "mission": {
      "name": "untitled",
      "type": "singleMission",
      "level": "levels/water.bin",
      "campaign": "UserMissions",
      "restoreType": "attempts",
      "optionalTakeOff": false,
      "missionDebriefing": "",
      "missionBriefing": "",
      "environment": "Day",
      "weather": "hazy",
      "missionType": {
        "_Dom": false,
        "_Conq": false,
        "_CnvA": false,
        "_CnvB": false,
        "_ArtDA": false,
        "_ArtDB": false,
        "_Bttl": false,
        "_DBttlA": false,
        "_DBttlB": false,
        "_Bto": false,
        "_Flc": false,
        "_v1_race_straight": false,
        "_v1_race_inverted": false,
        "_v2_race_straight": false,
        "_v2_race_inverted": false,
        "_Conq1": false,
        "_Conq2": false,
        "_Conq3": false,
        "_Conq4": false,
        "_Conq5": false,
        "_Conq6": false
      },
      "tags": []
    },
    "missions_include": {
      "mission": {
        "filename": ""
      }
    }
  },
  "imports": [],
  "triggers": {
    "isCategory": true,
    "is_enabled": true
  },
  "mission_objectives": {
    "isCategory": true,
    "is_enabled": true
  },
  "variables": [],
  "dialogs": [],
  "airfields": [],
  "effects": [],
  "units": [
    {
      "area_squad": {
        "name": "ndom_t1_destroyer_spawn_02",
        "tm": [
          [0.989667,0.0,-0.143383],
          [0.0,1.0,0.0],
          [0.143383,0.0,0.989667],
          [-774.851,-478.498,3416.66]
        ],
        "props": [
          {
            "squad_members": "t1_shipspawn_heavy01"
          },
          {
            "squad_members": "t1_shipspawn_heavy02"
          },
          {
            "squad_members": "t1_shipspawn_heavy03"
          },
          {
            "squad_members": "t1_shipspawn_heavy04"
          },
          {
            "squad_members": "t1_shipspawn_heavy05"
          },
          {
            "squad_members": "t1_shipspawn_heavy06"
          },
          {
            "squad_members": "t1_shipspawn_heavy07"
          },
          {
            "squad_members": "t1_shipspawn_heavy08"
          }
        ]
      }
    },
    {
      "area_squad": {
        "name": "ndom_t2_destroyer_spawn_02",
        "tm": [
          [0.998407,0.0,-0.0564238],
          [0.0,1.0,0.0],
          [0.0564238,0.0,0.998407],
          [2593.99,-478.495,-1799.47]
        ],
        "props": [
          {
            "squad_members": "t2_shipspawn_heavy01"
          },
          {
            "squad_members": "t2_shipspawn_heavy02"
          },
          {
            "squad_members": "t2_shipspawn_heavy03"
          },
          {
            "squad_members": "t2_shipspawn_heavy04"
          },
          {
            "squad_members": "t2_shipspawn_heavy05"
          },
          {
            "squad_members": "t2_shipspawn_heavy06"
          },
          {
            "squad_members": "t2_shipspawn_heavy07"
          },
          {
            "squad_members": "t2_shipspawn_heavy08"
          }
        ]
      }
    },
    {
      "ships": {
        "name": "capture_buoy01",
        "tm": [
          [0.989667,0.0,-0.143383],
          [0.0,1.0,0.0],
          [0.143383,0.0,0.989667],
          [-517.807,0.0,-218.832]
        ],
        "unit_class": "buoy_a",
        "objLayer": 1,
        "closed_waypoints": false,
        "isShipSpline": false,
        "shipTurnRadius": 100.0,
        "weapons": "",
        "bullets0": "",
        "bullets1": "",
        "bullets2": "",
        "bullets3": "",
        "bulletsCount0": 0,
        "bulletsCount1": 0,
        "bulletsCount2": 0,
        "bulletsCount3": 0,
        "props": {
          "army": 2,
          "count": 1,
          "formation_type": "rows",
          "formation_div": 3,
          "formation_step": [2.5,2.0],
          "formation_noise": [0.1,0.1],
          "uniqueName": "",
          "attack_type": "fire_at_will"
        },
        "way": []
      }
    },
    {
      "ships": {
        "name": "capture_buoy03",
        "tm": [
          [0.989667,0.0,-0.143383],
          [0.0,1.0,0.0],
          [0.143383,0.0,0.989667],
          [74.8757,0.0,-304.7]
        ],
        "unit_class": "buoy_a",
        "objLayer": 1,
        "closed_waypoints": false,
        "isShipSpline": false,
        "shipTurnRadius": 100.0,
        "weapons": "",
        "bullets0": "",
        "bullets1": "",
        "bullets2": "",
        "bullets3": "",
        "bulletsCount0": 0,
        "bulletsCount1": 0,
        "bulletsCount2": 0,
        "bulletsCount3": 0,
        "props": {
          "army": 2,
          "count": 1,
          "formation_type": "rows",
          "formation_div": 3,
          "formation_step": [2.5,2.0],
          "formation_noise": [0.1,0.1],
          "uniqueName": "",
          "attack_type": "fire_at_will"
        },
        "way": []
      }
    },
    {
      "ships": {
        "name": "capture_buoy07",
        "tm": [
          [0.143383,0.0,0.989667],
          [0.0,1.0,0.0],
          [-0.989667,0.0,0.143383],
          [-177.429,0.0,33.0868]
        ],
        "unit_class": "buoy_a",
        "objLayer": 1,
        "closed_waypoints": false,
        "isShipSpline": false,
        "shipTurnRadius": 100.0,
        "weapons": "",
        "bullets0": "",
        "bullets1": "",
        "bullets2": "",
        "bullets3": "",
        "bulletsCount0": 0,
        "bulletsCount1": 0,
        "bulletsCount2": 0,
        "bulletsCount3": 0,
        "props": {
          "army": 2,
          "count": 1,
          "formation_type": "rows",
          "formation_div": 3,
          "formation_step": [2.5,2.0],
          "formation_noise": [0.1,0.1],
          "uniqueName": "",
          "attack_type": "fire_at_will"
        },
        "way": []
      }
    },
    {
      "ships": {
        "name": "capture_buoy13",
        "tm": [
          [0.598414,0.0,-0.801188],
          [0.0,1.0,0.0],
          [0.801188,0.0,0.598414],
          [-41.7691,0.0,-500.811]
        ],
        "unit_class": "buoy_a",
        "objLayer": 1,
        "closed_waypoints": false,
        "isShipSpline": false,
        "shipTurnRadius": 100.0,
        "weapons": "",
        "bullets0": "",
        "bullets1": "",
        "bullets2": "",
        "bullets3": "",
        "bulletsCount0": 0,
        "bulletsCount1": 0,
        "bulletsCount2": 0,
        "bulletsCount3": 0,
        "props": {
          "army": 2,
          "count": 1,
          "formation_type": "rows",
          "formation_div": 3,
          "formation_step": [2.5,2.0],
          "formation_noise": [0.1,0.1],
          "uniqueName": "",
          "attack_type": "fire_at_will"
        },
        "way": []
      }
    },
    {
      "ships": {
        "name": "capture_buoy11",
        "tm": [
          [0.598414,0.0,-0.801188],
          [0.0,1.0,0.0],
          [0.801188,0.0,0.598414],
          [-400.137,0.0,-21.0095]
        ],
        "unit_class": "buoy_a",
        "objLayer": 1,
        "closed_waypoints": false,
        "isShipSpline": false,
        "shipTurnRadius": 100.0,
        "weapons": "",
        "bullets0": "",
        "bullets1": "",
        "bullets2": "",
        "bullets3": "",
        "bulletsCount0": 0,
        "bulletsCount1": 0,
        "bulletsCount2": 0,
        "bulletsCount3": 0,
        "props": {
          "army": 2,
          "count": 1,
          "formation_type": "rows",
          "formation_div": 3,
          "formation_step": [2.5,2.0],
          "formation_noise": [0.1,0.1],
          "uniqueName": "",
          "attack_type": "fire_at_will"
        },
        "way": []
      }
    },
    {
      "ships": {
        "name": "capture_buoy18",
        "tm": [
          [0.844187,0.0,-0.536048],
          [0.0,1.0,0.0],
          [0.536048,0.0,0.844187],
          [31.5015,0.0,-421.77]
        ],
        "unit_class": "buoy_a",
        "objLayer": 1,
        "closed_waypoints": false,
        "isShipSpline": false,
        "shipTurnRadius": 100.0,
        "weapons": "",
        "bullets0": "",
        "bullets1": "",
        "bullets2": "",
        "bullets3": "",
        "bulletsCount0": 0,
        "bulletsCount1": 0,
        "bulletsCount2": 0,
        "bulletsCount3": 0,
        "props": {
          "army": 2,
          "count": 1,
          "formation_type": "rows",
          "formation_div": 3,
          "formation_step": [2.5,2.0],
          "formation_noise": [0.1,0.1],
          "uniqueName": "",
          "attack_type": "fire_at_will"
        },
        "way": []
      }
    },
    {
      "ships": {
        "name": "capture_buoy16",
        "tm": [
          [0.844187,0.0,-0.536048],
          [0.0,1.0,0.0],
          [0.536048,0.0,0.844187],
          [-474.053,0.0,-100.745]
        ],
        "unit_class": "buoy_a",
        "objLayer": 1,
        "closed_waypoints": false,
        "isShipSpline": false,
        "shipTurnRadius": 100.0,
        "weapons": "",
        "bullets0": "",
        "bullets1": "",
        "bullets2": "",
        "bullets3": "",
        "bulletsCount0": 0,
        "bulletsCount1": 0,
        "bulletsCount2": 0,
        "bulletsCount3": 0,
        "props": {
          "army": 2,
          "count": 1,
          "formation_type": "rows",
          "formation_div": 3,
          "formation_step": [2.5,2.0],
          "formation_noise": [0.1,0.1],
          "uniqueName": "",
          "attack_type": "fire_at_will"
        },
        "way": []
      }
    },
    {
      "ships": {
        "name": "capture_buoy23",
        "tm": [
          [0.250765,0.0,-0.968047],
          [0.0,1.0,0.0],
          [0.968047,0.0,0.250765],
          [-151.279,0.0,-541.816]
        ],
        "unit_class": "buoy_a",
        "objLayer": 1,
        "closed_waypoints": false,
        "isShipSpline": false,
        "shipTurnRadius": 100.0,
        "weapons": "",
        "bullets0": "",
        "bullets1": "",
        "bullets2": "",
        "bullets3": "",
        "bulletsCount0": 0,
        "bulletsCount1": 0,
        "bulletsCount2": 0,
        "bulletsCount3": 0,
        "props": {
          "army": 2,
          "count": 1,
          "formation_type": "rows",
          "formation_div": 3,
          "formation_step": [2.5,2.0],
          "formation_noise": [0.1,0.1],
          "uniqueName": "",
          "attack_type": "fire_at_will"
        },
        "way": []
      }
    },
    {
      "ships": {
        "name": "capture_buoy21",
        "tm": [
          [0.250765,0.0,-0.968047],
          [0.0,1.0,0.0],
          [0.968047,0.0,0.250765],
          [-295.59,0.0,29.1788]
        ],
        "unit_class": "buoy_a",
        "objLayer": 1,
        "closed_waypoints": false,
        "isShipSpline": false,
        "shipTurnRadius": 100.0,
        "weapons": "",
        "bullets0": "",
        "bullets1": "",
        "bullets2": "",
        "bullets3": "",
        "bulletsCount0": 0,
        "bulletsCount1": 0,
        "bulletsCount2": 0,
        "bulletsCount3": 0,
        "props": {
          "army": 2,
          "count": 1,
          "formation_type": "rows",
          "formation_div": 3,
          "formation_step": [2.5,2.0],
          "formation_noise": [0.1,0.1],
          "uniqueName": "",
          "attack_type": "fire_at_will"
        },
        "way": []
      }
    },
    {
      "ships": {
        "name": "capture_buoy28",
        "tm": [
          [0.456846,0.0,-0.889546],
          [0.0,1.0,0.0],
          [0.889546,0.0,0.456846],
          [-83.9718,0.0,-527.152]
        ],
        "unit_class": "buoy_a",
        "objLayer": 1,
        "closed_waypoints": false,
        "isShipSpline": false,
        "shipTurnRadius": 100.0,
        "weapons": "",
        "bullets0": "",
        "bullets1": "",
        "bullets2": "",
        "bullets3": "",
        "bulletsCount0": 0,
        "bulletsCount1": 0,
        "bulletsCount2": 0,
        "bulletsCount3": 0,
        "props": {
          "army": 2,
          "count": 1,
          "formation_type": "rows",
          "formation_div": 3,
          "formation_step": [2.5,2.0],
          "formation_noise": [0.1,0.1],
          "uniqueName": "",
          "attack_type": "fire_at_will"
        },
        "way": []
      }
    },
    {
      "ships": {
        "name": "capture_buoy26",
        "tm": [
          [0.456846,0.0,-0.889546],
          [0.0,1.0,0.0],
          [0.889546,0.0,0.456846],
          [-357.566,0.0,5.57082]
        ],
        "unit_class": "buoy_a",
        "objLayer": 1,
        "closed_waypoints": false,
        "isShipSpline": false,
        "shipTurnRadius": 100.0,
        "weapons": "",
        "bullets0": "",
        "bullets1": "",
        "bullets2": "",
        "bullets3": "",
        "bulletsCount0": 0,
        "bulletsCount1": 0,
        "bulletsCount2": 0,
        "bulletsCount3": 0,
        "props": {
          "army": 2,
          "count": 1,
          "formation_type": "rows",
          "formation_div": 3,
          "formation_step": [2.5,2.0],
          "formation_noise": [0.1,0.1],
          "uniqueName": "",
          "attack_type": "fire_at_will"
        },
        "way": []
      }
    },
    {
      "ships": {
        "name": "capture_buoy31",
        "tm": [
          [0.13977,0.0,-0.990184],
          [0.0,1.0,0.0],
          [0.990184,0.0,0.13977],
          [-209.066,0.0,-547.001]
        ],
        "unit_class": "buoy_a",
        "objLayer": 1,
        "closed_waypoints": false,
        "isShipSpline": false,
        "shipTurnRadius": 100.0,
        "weapons": "",
        "bullets0": "",
        "bullets1": "",
        "bullets2": "",
        "bullets3": "",
        "bulletsCount0": 0,
        "bulletsCount1": 0,
        "bulletsCount2": 0,
        "bulletsCount3": 0,
        "props": {
          "army": 2,
          "count": 1,
          "formation_type": "rows",
          "formation_div": 3,
          "formation_step": [2.5,2.0],
          "formation_noise": [0.1,0.1],
          "uniqueName": "",
          "attack_type": "fire_at_will"
        },
        "way": []
      }
    },
    {
      "ships": {
        "name": "capture_buoy36",
        "tm": [
          [-0.542169,0.0,-0.84027],
          [0.0,1.0,0.0],
          [0.84027,0.0,-0.542169],
          [-57.1168,0.0,-9.25157]
        ],
        "unit_class": "buoy_a",
        "objLayer": 1,
        "closed_waypoints": false,
        "isShipSpline": false,
        "shipTurnRadius": 100.0,
        "weapons": "",
        "bullets0": "",
        "bullets1": "",
        "bullets2": "",
        "bullets3": "",
        "bulletsCount0": 0,
        "bulletsCount1": 0,
        "bulletsCount2": 0,
        "bulletsCount3": 0,
        "props": {
          "army": 2,
          "count": 1,
          "formation_type": "rows",
          "formation_div": 3,
          "formation_step": [2.5,2.0],
          "formation_noise": [0.1,0.1],
          "uniqueName": "",
          "attack_type": "fire_at_will"
        },
        "way": []
      }
    },
    {
      "ships": {
        "name": "capture_buoy43",
        "tm": [
          [-0.9662,0.0,-0.257792],
          [0.0,1.0,0.0],
          [0.257792,0.0,-0.9662],
          [-514.396,0.0,-318.438]
        ],
        "unit_class": "buoy_a",
        "objLayer": 1,
        "closed_waypoints": false,
        "isShipSpline": false,
        "shipTurnRadius": 100.0,
        "weapons": "",
        "bullets0": "",
        "bullets1": "",
        "bullets2": "",
        "bullets3": "",
        "bulletsCount0": 0,
        "bulletsCount1": 0,
        "bulletsCount2": 0,
        "bulletsCount3": 0,
        "props": {
          "army": 2,
          "count": 1,
          "formation_type": "rows",
          "formation_div": 3,
          "formation_step": [2.5,2.0],
          "formation_noise": [0.1,0.1],
          "uniqueName": "",
          "attack_type": "fire_at_will"
        },
        "way": []
      }
    },
    {
      "ships": {
        "name": "capture_buoy41",
        "tm": [
          [-0.9662,0.0,-0.257792],
          [0.0,1.0,0.0],
          [0.257792,0.0,-0.9662],
          [70.4046,0.0,-184.425]
        ],
        "unit_class": "buoy_a",
        "objLayer": 1,
        "closed_waypoints": false,
        "isShipSpline": false,
        "shipTurnRadius": 100.0,
        "weapons": "",
        "bullets0": "",
        "bullets1": "",
        "bullets2": "",
        "bullets3": "",
        "bulletsCount0": 0,
        "bulletsCount1": 0,
        "bulletsCount2": 0,
        "bulletsCount3": 0,
        "props": {
          "army": 2,
          "count": 1,
          "formation_type": "rows",
          "formation_div": 3,
          "formation_step": [2.5,2.0],
          "formation_noise": [0.1,0.1],
          "uniqueName": "",
          "attack_type": "fire_at_will"
        },
        "way": []
      }
    },
    {
      "ships": {
        "name": "capture_buoy22",
        "tm": [
          [0.945293,0.0,-0.326225],
          [0.0,1.0,0.0],
          [0.326225,0.0,0.945293],
          [-504.466,7.62939e-06,-163.847]
        ],
        "unit_class": "buoy_a",
        "objLayer": 1,
        "closed_waypoints": false,
        "isShipSpline": false,
        "shipTurnRadius": 100.0,
        "weapons": "",
        "bullets0": "",
        "bullets1": "",
        "bullets2": "",
        "bullets3": "",
        "bulletsCount0": 0,
        "bulletsCount1": 0,
        "bulletsCount2": 0,
        "bulletsCount3": 0,
        "props": {
          "army": 2,
          "count": 1,
          "formation_type": "rows",
          "formation_div": 3,
          "formation_step": [2.5,2.0],
          "formation_noise": [0.1,0.1],
          "uniqueName": "",
          "attack_type": "fire_at_will"
        },
        "way": []
      }
    },
    {
      "ships": {
        "name": "capture_buoy19",
        "tm": [
          [0.945293,0.0,-0.326225],
          [0.0,1.0,0.0],
          [0.326225,0.0,0.945293],
          [61.6417,7.62939e-06,-359.215]
        ],
        "unit_class": "buoy_a",
        "objLayer": 1,
        "closed_waypoints": false,
        "isShipSpline": false,
        "shipTurnRadius": 100.0,
        "weapons": "",
        "bullets0": "",
        "bullets1": "",
        "bullets2": "",
        "bullets3": "",
        "bulletsCount0": 0,
        "bulletsCount1": 0,
        "bulletsCount2": 0,
        "bulletsCount3": 0,
        "props": {
          "army": 2,
          "count": 1,
          "formation_type": "rows",
          "formation_div": 3,
          "formation_step": [2.5,2.0],
          "formation_noise": [0.1,0.1],
          "uniqueName": "",
          "attack_type": "fire_at_will"
        },
        "way": []
      }
    },
    {
      "ships": {
        "name": "capture_buoy30",
        "tm": [
          [0.750653,0.0,-0.660697],
          [0.0,1.0,0.0],
          [0.660697,0.0,0.750653],
          [-445.928,7.62939e-06,-63.2607]
        ],
        "unit_class": "buoy_a",
        "objLayer": 1,
        "closed_waypoints": false,
        "isShipSpline": false,
        "shipTurnRadius": 100.0,
        "weapons": "",
        "bullets0": "",
        "bullets1": "",
        "bullets2": "",
        "bullets3": "",
        "bulletsCount0": 0,
        "bulletsCount1": 0,
        "bulletsCount2": 0,
        "bulletsCount3": 0,
        "props": {
          "army": 2,
          "count": 1,
          "formation_type": "rows",
          "formation_div": 3,
          "formation_step": [2.5,2.0],
          "formation_noise": [0.1,0.1],
          "uniqueName": "",
          "attack_type": "fire_at_will"
        },
        "way": []
      }
    },
    {
      "ships": {
        "name": "capture_buoy27",
        "tm": [
          [0.750653,0.0,-0.660697],
          [0.0,1.0,0.0],
          [0.660697,0.0,0.750653],
          [3.61572,7.62939e-06,-458.926]
        ],
        "unit_class": "buoy_a",
        "objLayer": 1,
        "closed_waypoints": false,
        "isShipSpline": false,
        "shipTurnRadius": 100.0,
        "weapons": "",
        "bullets0": "",
        "bullets1": "",
        "bullets2": "",
        "bullets3": "",
        "bulletsCount0": 0,
        "bulletsCount1": 0,
        "bulletsCount2": 0,
        "bulletsCount3": 0,
        "props": {
          "army": 2,
          "count": 1,
          "formation_type": "rows",
          "formation_div": 3,
          "formation_step": [2.5,2.0],
          "formation_noise": [0.1,0.1],
          "uniqueName": "",
          "attack_type": "fire_at_will"
        },
        "way": []
      }
    },
    {
      "ships": {
        "name": "capture_buoy39",
        "tm": [
          [0.998871,0.0,0.0475063],
          [0.0,1.0,0.0],
          [-0.0475063,0.0,0.998871],
          [-521.475,0.0,-263.897]
        ],
        "unit_class": "buoy_a",
        "objLayer": 1,
        "closed_waypoints": false,
        "isShipSpline": false,
        "shipTurnRadius": 100.0,
        "weapons": "",
        "bullets0": "",
        "bullets1": "",
        "bullets2": "",
        "bullets3": "",
        "bulletsCount0": 0,
        "bulletsCount1": 0,
        "bulletsCount2": 0,
        "bulletsCount3": 0,
        "props": {
          "army": 2,
          "count": 1,
          "formation_type": "rows",
          "formation_div": 3,
          "formation_step": [2.5,2.0],
          "formation_noise": [0.1,0.1],
          "uniqueName": "",
          "attack_type": "fire_at_will"
        },
        "way": []
      }
    },
    {
      "ships": {
        "name": "capture_buoy35",
        "tm": [
          [0.998871,0.0,0.0475063],
          [0.0,1.0,0.0],
          [-0.0475063,0.0,0.998871],
          [77.623,0.0,-247.795]
        ],
        "unit_class": "buoy_a",
        "objLayer": 1,
        "closed_waypoints": false,
        "isShipSpline": false,
        "shipTurnRadius": 100.0,
        "weapons": "",
        "bullets0": "",
        "bullets1": "",
        "bullets2": "",
        "bullets3": "",
        "bulletsCount0": 0,
        "bulletsCount1": 0,
        "bulletsCount2": 0,
        "bulletsCount3": 0,
        "props": {
          "army": 2,
          "count": 1,
          "formation_type": "rows",
          "formation_div": 3,
          "formation_step": [2.5,2.0],
          "formation_noise": [0.1,0.1],
          "uniqueName": "",
          "attack_type": "fire_at_will"
        },
        "way": []
      }
    },
    {
      "ships": {
        "name": "capture_buoy44",
        "tm": [
          [0.396364,0.0,0.918093],
          [0.0,1.0,0.0],
          [-0.918093,0.0,0.396364],
          [-102.009,7.62939e-06,11.7524]
        ],
        "unit_class": "buoy_a",
        "objLayer": 1,
        "closed_waypoints": false,
        "isShipSpline": false,
        "shipTurnRadius": 100.0,
        "weapons": "",
        "bullets0": "",
        "bullets1": "",
        "bullets2": "",
        "bullets3": "",
        "bulletsCount0": 0,
        "bulletsCount1": 0,
        "bulletsCount2": 0,
        "bulletsCount3": 0,
        "props": {
          "army": 2,
          "count": 1,
          "formation_type": "rows",
          "formation_div": 3,
          "formation_step": [2.5,2.0],
          "formation_noise": [0.1,0.1],
          "uniqueName": "",
          "attack_type": "fire_at_will"
        },
        "way": []
      }
    },
    {
      "ships": {
        "name": "capture_buoy04",
        "tm": [
          [0.679966,0.0,0.733244],
          [0.0,1.0,0.0],
          [-0.733244,0.0,0.679966],
          [-17.4568,0.0,-43.3601]
        ],
        "unit_class": "buoy_a",
        "objLayer": 1,
        "closed_waypoints": false,
        "isShipSpline": false,
        "shipTurnRadius": 100.0,
        "weapons": "",
        "bullets0": "",
        "bullets1": "",
        "bullets2": "",
        "bullets3": "",
        "bulletsCount0": 0,
        "bulletsCount1": 0,
        "bulletsCount2": 0,
        "bulletsCount3": 0,
        "props": {
          "army": 2,
          "count": 1,
          "formation_type": "rows",
          "formation_div": 3,
          "formation_step": [2.5,2.0],
          "formation_noise": [0.1,0.1],
          "uniqueName": "",
          "attack_type": "fire_at_will"
        },
        "way": []
      }
    },
    {
      "ships": {
        "name": "capture_buoy15",
        "tm": [
          [0.434699,0.0,0.900576],
          [0.0,1.0,0.0],
          [-0.900576,0.0,0.434699],
          [-346.716,0.0,-532.298]
        ],
        "unit_class": "buoy_a",
        "objLayer": 1,
        "closed_waypoints": false,
        "isShipSpline": false,
        "shipTurnRadius": 100.0,
        "weapons": "",
        "bullets0": "",
        "bullets1": "",
        "bullets2": "",
        "bullets3": "",
        "bulletsCount0": 0,
        "bulletsCount1": 0,
        "bulletsCount2": 0,
        "bulletsCount3": 0,
        "props": {
          "army": 2,
          "count": 1,
          "formation_type": "rows",
          "formation_div": 3,
          "formation_step": [2.5,2.0],
          "formation_noise": [0.1,0.1],
          "uniqueName": "",
          "attack_type": "fire_at_will"
        },
        "way": []
      }
    },
    {
      "ships": {
        "name": "capture_buoy12",
        "tm": [
          [0.258314,0.0,0.966061],
          [0.0,1.0,0.0],
          [-0.966061,0.0,0.258314],
          [-143.164,7.62939e-06,26.0509]
        ],
        "unit_class": "buoy_a",
        "objLayer": 1,
        "closed_waypoints": false,
        "isShipSpline": false,
        "shipTurnRadius": 100.0,
        "weapons": "",
        "bullets0": "",
        "bullets1": "",
        "bullets2": "",
        "bullets3": "",
        "bulletsCount0": 0,
        "bulletsCount1": 0,
        "bulletsCount2": 0,
        "bulletsCount3": 0,
        "props": {
          "army": 2,
          "count": 1,
          "formation_type": "rows",
          "formation_div": 3,
          "formation_step": [2.5,2.0],
          "formation_noise": [0.1,0.1],
          "uniqueName": "",
          "attack_type": "fire_at_will"
        },
        "way": []
      }
    },
    {
      "ships": {
        "name": "capture_buoy25",
        "tm": [
          [-0.0174249,0.0,0.999848],
          [0.0,1.0,0.0],
          [-0.999848,0.0,-0.0174249],
          [-225.369,7.62939e-06,36.1219]
        ],
        "unit_class": "buoy_a",
        "objLayer": 1,
        "closed_waypoints": false,
        "isShipSpline": false,
        "shipTurnRadius": 100.0,
        "weapons": "",
        "bullets0": "",
        "bullets1": "",
        "bullets2": "",
        "bullets3": "",
        "bulletsCount0": 0,
        "bulletsCount1": 0,
        "bulletsCount2": 0,
        "bulletsCount3": 0,
        "props": {
          "army": 2,
          "count": 1,
          "formation_type": "rows",
          "formation_div": 3,
          "formation_step": [2.5,2.0],
          "formation_noise": [0.1,0.1],
          "uniqueName": "",
          "attack_type": "fire_at_will"
        },
        "way": []
      }
    },
    {
      "ships": {
        "name": "capture_buoy17",
        "tm": [
          [0.434699,0.0,0.900576],
          [0.0,1.0,0.0],
          [-0.900576,0.0,0.434699],
          [-277.172,0.0,-548.099]
        ],
        "unit_class": "buoy_a",
        "objLayer": 1,
        "closed_waypoints": false,
        "isShipSpline": false,
        "shipTurnRadius": 100.0,
        "weapons": "",
        "bullets0": "",
        "bullets1": "",
        "bullets2": "",
        "bullets3": "",
        "bulletsCount0": 0,
        "bulletsCount1": 0,
        "bulletsCount2": 0,
        "bulletsCount3": 0,
        "props": {
          "army": 2,
          "count": 1,
          "formation_type": "rows",
          "formation_div": 3,
          "formation_step": [2.5,2.0],
          "formation_noise": [0.1,0.1],
          "uniqueName": "",
          "attack_type": "fire_at_will"
        },
        "way": []
      }
    },
    {
      "ships": {
        "name": "capture_buoy20",
        "tm": [
          [0.844187,0.0,-0.536048],
          [0.0,1.0,0.0],
          [0.536048,0.0,0.844187],
          [-223.0,0.0,-248.2]
        ],
        "unit_class": "buoy_a",
        "objLayer": 1,
        "closed_waypoints": false,
        "isShipSpline": false,
        "shipTurnRadius": 100.0,
        "weapons": "",
        "bullets0": "",
        "bullets1": "",
        "bullets2": "",
        "bullets3": "",
        "bulletsCount0": 0,
        "bulletsCount1": 0,
        "bulletsCount2": 0,
        "bulletsCount3": 0,
        "props": {
          "army": 2,
          "count": 1,
          "formation_type": "rows",
          "formation_div": 3,
          "formation_step": [2.5,2.0],
          "formation_noise": [0.1,0.1],
          "uniqueName": "",
          "attack_type": "fire_at_will"
        },
        "way": []
      }
    },
    {
      "squad": {
        "name": "ndom_buoy_circle_01",
        "tm": [
          [0.989667,0.0,-0.143383],
          [0.0,1.0,0.0],
          [0.143383,0.0,0.989667],
          [136.396,7.62939e-06,15.4571]
        ],
        "props": [
          {
            "squad_members": "capture_buoy01"
          },
          {
            "squad_members": "capture_buoy03"
          },
          {
            "squad_members": "capture_buoy07"
          },
          {
            "squad_members": "capture_buoy13"
          },
          {
            "squad_members": "capture_buoy11"
          },
          {
            "squad_members": "capture_buoy18"
          },
          {
            "squad_members": "capture_buoy16"
          },
          {
            "squad_members": "capture_buoy23"
          },
          {
            "squad_members": "capture_buoy21"
          },
          {
            "squad_members": "capture_buoy28"
          },
          {
            "squad_members": "capture_buoy26"
          },
          {
            "squad_members": "capture_buoy31"
          },
          {
            "squad_members": "capture_buoy36"
          },
          {
            "squad_members": "capture_buoy43"
          },
          {
            "squad_members": "capture_buoy41"
          },
          {
            "squad_members": "capture_buoy22"
          },
          {
            "squad_members": "capture_buoy19"
          },
          {
            "squad_members": "capture_buoy30"
          },
          {
            "squad_members": "capture_buoy27"
          },
          {
            "squad_members": "capture_buoy39"
          },
          {
            "squad_members": "capture_buoy35"
          },
          {
            "squad_members": "capture_buoy44"
          },
          {
            "squad_members": "capture_buoy04"
          },
          {
            "squad_members": "capture_buoy15"
          },
          {
            "squad_members": "capture_buoy12"
          },
          {
            "squad_members": "capture_buoy25"
          },
          {
            "squad_members": "capture_buoy17"
          },
          {
            "squad_members": "capture_buoy20"
          },
          {
            "squad_members": "ndom_t1_destroyer_spawn_01"
          },
          {
            "squad_members": "capture_buoy05"
          },
          {
            "squad_members": "capture_buoy06"
          }
        ]
      }
    },
    {
      "area_squad": {
        "name": "ndom_t1_destroyer_spawn_01",
        "tm": [
          [0.989667,0.0,-0.143383],
          [0.0,1.0,0.0],
          [0.143383,0.0,0.989667],
          [-3803.57,-478.498,1111.87]
        ],
        "props": [
          {
            "squad_members": "t1_shipspawn_heavy09"
          },
          {
            "squad_members": "t1_shipspawn_heavy10"
          },
          {
            "squad_members": "t1_shipspawn_heavy11"
          },
          {
            "squad_members": "t1_shipspawn_heavy12"
          },
          {
            "squad_members": "t1_shipspawn_heavy13"
          },
          {
            "squad_members": "t1_shipspawn_heavy14"
          },
          {
            "squad_members": "t1_shipspawn_heavy15"
          },
          {
            "squad_members": "t1_shipspawn_heavy16"
          }
        ]
      }
    },
    {
      "area_squad": {
        "name": "ndom_t2_destroyer_spawn_01",
        "tm": [
          [0.936098,0.0,0.35174],
          [0.0,1.0,0.0],
          [-0.35174,0.0,0.936098],
          [661.965,-478.495,-4681.54]
        ],
        "props": [
          {
            "squad_members": "t2_shipspawn_heavy09"
          },
          {
            "squad_members": "t2_shipspawn_heavy10"
          },
          {
            "squad_members": "t2_shipspawn_heavy11"
          },
          {
            "squad_members": "t2_shipspawn_heavy12"
          },
          {
            "squad_members": "t2_shipspawn_heavy13"
          },
          {
            "squad_members": "t2_shipspawn_heavy14"
          },
          {
            "squad_members": "t2_shipspawn_heavy15"
          },
          {
            "squad_members": "t2_shipspawn_heavy16"
          }
        ]
      }
    },
    {
      "ships": {
        "name": "capture_buoy60",
        "tm": [
          [0.590913,0.0,0.806735],
          [0.0,1.0,0.0],
          [-0.806735,0.0,0.590913],
          [-396.847,7.62939e-06,-492.604]
        ],
        "unit_class": "buoy_a",
        "objLayer": 1,
        "closed_waypoints": false,
        "isShipSpline": false,
        "shipTurnRadius": 100.0,
        "weapons": "",
        "bullets0": "",
        "bullets1": "",
        "bullets2": "",
        "bullets3": "",
        "bulletsCount0": 0,
        "bulletsCount1": 0,
        "bulletsCount2": 0,
        "bulletsCount3": 0,
        "props": {
          "army": 2,
          "count": 1,
          "formation_type": "rows",
          "formation_div": 3,
          "formation_step": [2.5,2.0],
          "formation_noise": [0.1,0.1],
          "uniqueName": "",
          "attack_type": "fire_at_will"
        },
        "way": []
      }
    },
    {
      "ships": {
        "name": "capture_buoy61",
        "tm": [
          [0.989667,0.0,-0.143383],
          [0.0,1.0,0.0],
          [0.143383,0.0,0.989667],
          [1678.59,0.00244141,1650.05]
        ],
        "unit_class": "buoy_a",
        "objLayer": 1,
        "closed_waypoints": false,
        "isShipSpline": false,
        "shipTurnRadius": 100.0,
        "weapons": "",
        "bullets0": "",
        "bullets1": "",
        "bullets2": "",
        "bullets3": "",
        "bulletsCount0": 0,
        "bulletsCount1": 0,
        "bulletsCount2": 0,
        "bulletsCount3": 0,
        "props": {
          "army": 2,
          "count": 1,
          "formation_type": "rows",
          "formation_div": 3,
          "formation_step": [2.5,2.0],
          "formation_noise": [0.1,0.1],
          "uniqueName": "",
          "attack_type": "fire_at_will"
        },
        "way": []
      }
    },
    {
      "ships": {
        "name": "capture_buoy62",
        "tm": [
          [0.679966,0.0,0.733244],
          [0.0,1.0,0.0],
          [-0.733244,0.0,0.679966],
          [1188.4,-0.379044,1467.6]
        ],
        "unit_class": "buoy_a",
        "objLayer": 1,
        "closed_waypoints": false,
        "isShipSpline": false,
        "shipTurnRadius": 100.0,
        "weapons": "",
        "bullets0": "",
        "bullets1": "",
        "bullets2": "",
        "bullets3": "",
        "bulletsCount0": 0,
        "bulletsCount1": 0,
        "bulletsCount2": 0,
        "bulletsCount3": 0,
        "props": {
          "army": 2,
          "count": 1,
          "formation_type": "rows",
          "formation_div": 3,
          "formation_step": [2.5,2.0],
          "formation_noise": [0.1,0.1],
          "uniqueName": "",
          "attack_type": "fire_at_will"
        },
        "way": []
      }
    },
    {
      "ships": {
        "name": "capture_buoy63",
        "tm": [
          [0.143383,0.0,0.989667],
          [0.0,1.0,0.0],
          [-0.989667,0.0,0.143383],
          [1426.36,0.00250245,1992.12]
        ],
        "unit_class": "buoy_a",
        "objLayer": 1,
        "closed_waypoints": false,
        "isShipSpline": false,
        "shipTurnRadius": 100.0,
        "weapons": "",
        "bullets0": "",
        "bullets1": "",
        "bullets2": "",
        "bullets3": "",
        "bulletsCount0": 0,
        "bulletsCount1": 0,
        "bulletsCount2": 0,
        "bulletsCount3": 0,
        "props": {
          "army": 2,
          "count": 1,
          "formation_type": "rows",
          "formation_div": 3,
          "formation_step": [2.5,2.0],
          "formation_noise": [0.1,0.1],
          "uniqueName": "",
          "attack_type": "fire_at_will"
        },
        "way": []
      }
    },
    {
      "ships": {
        "name": "capture_buoy64",
        "tm": [
          [0.598414,0.0,-0.801188],
          [0.0,1.0,0.0],
          [0.801188,0.0,0.598414],
          [1202.7,0.00238038,1935.68]
        ],
        "unit_class": "buoy_a",
        "objLayer": 1,
        "closed_waypoints": false,
        "isShipSpline": false,
        "shipTurnRadius": 100.0,
        "weapons": "",
        "bullets0": "",
        "bullets1": "",
        "bullets2": "",
        "bullets3": "",
        "bulletsCount0": 0,
        "bulletsCount1": 0,
        "bulletsCount2": 0,
        "bulletsCount3": 0,
        "props": {
          "army": 2,
          "count": 1,
          "formation_type": "rows",
          "formation_div": 3,
          "formation_step": [2.5,2.0],
          "formation_noise": [0.1,0.1],
          "uniqueName": "",
          "attack_type": "fire_at_will"
        },
        "way": []
      }
    },
    {
      "ships": {
        "name": "capture_buoy65",
        "tm": [
          [0.258314,0.0,0.966061],
          [0.0,1.0,0.0],
          [-0.966061,0.0,0.258314],
          [1463.47,-0.379014,1980.24]
        ],
        "unit_class": "buoy_a",
        "objLayer": 1,
        "closed_waypoints": false,
        "isShipSpline": false,
        "shipTurnRadius": 100.0,
        "weapons": "",
        "bullets0": "",
        "bullets1": "",
        "bullets2": "",
        "bullets3": "",
        "bulletsCount0": 0,
        "bulletsCount1": 0,
        "bulletsCount2": 0,
        "bulletsCount3": 0,
        "props": {
          "army": 2,
          "count": 1,
          "formation_type": "rows",
          "formation_div": 3,
          "formation_step": [2.5,2.0],
          "formation_noise": [0.1,0.1],
          "uniqueName": "",
          "attack_type": "fire_at_will"
        },
        "way": []
      }
    },
    {
      "ships": {
        "name": "capture_buoy66",
        "tm": [
          [0.598414,0.0,-0.801188],
          [0.0,1.0,0.0],
          [0.801188,0.0,0.598414],
          [1561.95,0.00238038,1453.94]
        ],
        "unit_class": "buoy_a",
        "objLayer": 1,
        "closed_waypoints": false,
        "isShipSpline": false,
        "shipTurnRadius": 100.0,
        "weapons": "",
        "bullets0": "",
        "bullets1": "",
        "bullets2": "",
        "bullets3": "",
        "bulletsCount0": 0,
        "bulletsCount1": 0,
        "bulletsCount2": 0,
        "bulletsCount3": 0,
        "props": {
          "army": 2,
          "count": 1,
          "formation_type": "rows",
          "formation_div": 3,
          "formation_step": [2.5,2.0],
          "formation_noise": [0.1,0.1],
          "uniqueName": "",
          "attack_type": "fire_at_will"
        },
        "way": []
      }
    },
    {
      "ships": {
        "name": "capture_buoy67",
        "tm": [
